0.6813242401325944
0.6108848371329683
0.6157535862920656
0.5485435439138135
0.6384976369087274
0.636864516777433
0.7133331908158788
0.7702582863456883
0.7894637924310622
0.7388586511431404
0.7122644241237549
0.6827226943338587
0.627437766643376
0.6220425432638405
0.5656684999918754
0.5558846737297087
0.5520899217432281
0.5647035681903122
0.5706298798524561
0.5763641743878064
0.6328112668464927
0.739888558521961
0.9034555458962318
0.9567880047448044
0.9405574574673794
0.9021228333956224
0.808703077623048
0.7101189353439171
0.6562186138996766
0.5927781204562811
0.6013875496335774
0.5736692292130451
0.5591317796428398
0.5671999821257373
0.5951609137323087
0.6316299984400642
0.6613394971969906
0.6852004618384492
0.6582909261630457
0.6873801779464096
0.7274918811361533
0.7592554094018623
0.7942268034318585
0.7809366463008399
0.8365635189548433
0.7711753133683237
0.7387608740514454
0.7224061318470613
0.694063776652963
0.6931252580068573
0.7014838038380916
0.6838181344144555
0.6982383729058675
0.7150533019775435
0.7270185970328724
0.7852240766318389
0.8340450696283779
0.7518831713816806
0.7155263510342699
0.6265559044701906
0.6281308875058904
0.6097999494645846
0.5799362917729645
0.5958446204969046
0.6268757131505825
0.6347689654051771
0.6661397925123088
0.6222405868932908
0.5886670915324742
0.5726131421328872
0.5923736420760144
0.6165621403454606
0.6129417296111536
0.6081743635950018
0.6151376233730358
0.5929147216164833
0.6180688896020539
0.6359345653466794
0.669149377796916
0.6531859807445444
0.666981686859167
0.7214428677304561
0.6937994640808567
0.7862732118425115
0.713781246031101
0.6269499709461985
0.6436597836401746
0.6242168282933331
0.6424015565232934
0.6475906610877301
0.7172445603581354
0.6822073939649989
0.7588829530069388
0.6984450463593378
0.7227019735460912
0.7921297382232984
0.823340068897158
0.8663788872459012
0.834347279537219
0.7468442816658813
0.598719458572334
0.6510007035634781
0.7138613790481143
0.6930849299816383
0.6958424083456558
0.7093668605482524
0.6984538855397214
0.6725512083326562
0.6993547733380997
0.617657536049138
0.6352768879446224
0.6401793832404412
0.6210933871402805
0.6799633734258462
0.6651680204904047
0.6935177252563332
0.7568256325051591
0.7906603418858971
0.8522388783087697
0.7926479629840267
0.7858619799808259
0.7785057657496629
0.775633961911571
0.8063406769470759
0.7889777143692823
0.7498397141742903
0.7475398640906064
0.6534839028127589
0.6317198020994134
0.6597788380591799
0.6681334647308299
0.6579128823873516
0.6983291334232463
0.5937905039892104
0.6769588181050032
0.68413304509189
0.7636908977754668
0.7695860263889115
0.7788528753188931
0.7160443399847255
0.6432147892949416
0.643937896166783
0.5974634714255536
0.6148202148648869
0.596136713816805
0.5998543237516453
0.5805081125916056
0.5880586938138802
0.5505704524950846
0.6097183542841358
0.5859337939584993
0.6462946514681267
0.713553638956143
0.6647198342405876
0.6486833997985083
0.6352056978274646
0.596517307729806
0.5817986394436229
0.6123537059846282
0.6731660178905121
0.6483828751401505
0.6559864777952911
0.6710349179083863
0.7258777427243627
0.6995743678848247
0.7029254843925189
0.7013066392323817
0.6670966802456899
0.7180034766903364
0.6628515574332557
0.6524884776165484
0.7224167618660731
0.6521297849888692
0.6666543829642028
0.5969204414292909
0.5854622176597716
0.5695522183909912
0.6233224766903365
0.5905920324011635
0.5941041677743293
0.6170526725760062
0.6355659166084399
0.6622524963682748
0.6269561478851499
0.6557840204579062
0.651419296387774
0.6651941588696966
0.6718511402479647
0.6647695812710226
0.653610580556052
0.6243203109471734
0.6051786763621
0.5910608659592792
0.5671599245543621
0.6163070867064233
0.5924944198826798
0.5761622978989617
0.5941683407646934
0.5788785978778375
0.5559984906160121
0.5798009671113566
0.5296233947937149
0.5399214097430981
0.5422987578199898
0.5151632716562942
0.5257826345525747
0.5013039245218635
0.5401929756747534
0.5546660336198631
0.5706196443346712
0.5902085127800978
0.568910024049008
0.5297387655871696
0.5465724625046717
0.542868381891747
0.5772577781804001
0.5791249979200858
0.5744928795762174
0.6296169581092281
0.5711603606538731
0.6198299734810941
0.5558605480736419
0.5656476967712581
0.5708634752278968
0.5651824266099025
0.6236346352187971
0.6063580622674315
0.5484603971986154
0.579461314570774
0.5981594120180042
0.665799896703011
0.7557038413415447
0.6514565342617116
0.6973896660437757
0.7025324232950392
0.6866834188427228
0.7085223524317124
0.7121251580247315
0.7314170152093727
0.6580650665572547
0.6275476094148617
0.5831240804829301
0.5800839803383111
0.5579170002924879
0.5992623446482833
0.5821440453843779
0.6175253442745486
0.6352365792561057
0.6357476820818642
0.6032489986513055
0.6097805828634568
0.6146509006678473
0.5866984358557709
0.6084983186818544
0.6152260237240216
0.6522044713443071
0.6423271197900587
0.668410003201118
0.6506866492257194
0.6408401637932436
0.6524101390455144
0.6261970912724851
0.6908033852228596
0.6249905185486099
0.6193726633138883
0.5982782812921467
0.5886024322159211
0.5580793282364604
0.5775857213239955
0.58748534763816
0.5754367189353439
0.5743799250743407
0.5707592615654603
0.5821242522870933
0.5472388229148049
0.5514608015144377
0.5324697344047059
0.5287839041127054
0.517892565720414
0.5114554566874117
0.5069929822719813
0.5052960183942412
0.5124362842820234
0.5136059720349035
0.5451867540176468
0.5628798258071855
0.5637075136413124
0.5437510043710696
0.5266938544872524
0.5630819140735444
0.5543087213402449
0.5900746721697729
0.5664075833509367
0.5511592964365221
0.5315886070587088
0.49979510861051984
0.49615505090915
0.5358828776262978
0.5376829481321396
0.5673019267480218
0.5389481103329489
0.549094159080938
0.5433126373312102
0.5863064253912025
0.6005869612940965
0.6396687420906387
0.6454064652020605
0.6346598156838531
0.6343234127329748
0.6180585168099316
0.6251721174339058
0.6387006346500707
0.6993652158398466
0.7635760176142733
0.7434945350091808
0.7142539786971288
0.6635253622463073
0.6294319780959036
0.6002120908825012
0.5754622330478867
0.6146701262897906
0.6007800438731902
0.6066824985294356
0.6062086711948131
0.5484815036479747
0.5321308512536358
0.5692219473034236
0.5467213342324629
0.5605422836807982
0.5849015662403927
0.5891225933442746
0.6135795201735428
0.5751337793666011
0.581049806616727
0.5568498051705366
0.5557939528444451
0.5540915957329261
0.5640832321054257
0.5820774334671194
0.564000564631709
0.5466849331177589
0.533323657431631
0.502476321866723
0.5394636556767032
0.5640656458133602
0.5298067170829204
0.5346699495783298
0.5388611953331925
0.5743352243057475
0.5386973267902698
0.5567166717472904
0.5527392356152808
0.5288876570741458
0.5307939020977884
0.5418453154482379
0.529382277213565
0.5287035206447733
0.5620753415771599
0.5286897485416228
0.5121391542873857
0.4873078684779253
0.48730490757381256
0.4884946153296176
0.4896198283908289
0.5012670843502706
0.5142574471815538
0.5210283491818463
0.5460523582164736
0.5540045866333014
0.5501866581628507
0.5576595125201085
0.5539926365999902
0.5789737910011212
0.6062370154368633
0.6252437807965421
0.6648809319153085
0.7152836318876846
0.7798962107050584
0.7028935138850523
0.7084773600526479
0.6306240671909783
0.6377023171706669
0.6405013639524871
0.6187977715181749
0.6369677312848345
0.6221113710534439
0.6375328046180594
0.6493652500121869
0.7261588050730408
0.7688396912627354
0.7136036150046312
0.7998851313758306
0.9241217622398078
0.8583298516436197
0.7990217966883867
0.7632468208186413
0.7605086220568401
0.7846854763491007
0.8089223720771519
0.8195566576753709
0.8327624989844169
0.8304970499341903
0.8400477884662257
0.8697562750036562
0.8939746853317304
0.9089870717082922
0.8864021554735868
0.8736154344258299
0.9040882271981281
0.8935284130904599
0.9127662836158008
0.9351764202726636
0.9770678666255016
0.9280790536390374
0.9419560718870347
0.910753453307551
0.8469931653694285
0.8491195347816904
0.7810063959636663
0.7447458982629467
0.7063453839229132
0.6592917696170033
0.6443002493459645
0.6589736444809151
0.6840229902016544
0.7047693591589346
0.7159025820672399
0.7391330596350402
0.7595876271103817
0.7638243778781624
0.6971257170179231
0.7703277002323653
0.8267521380868039
0.8620642262881657
0.9444170171105442
0.9596293170406721
0.9893434149591328
0.9750325426951139
0.9060845504622935
0.9449663681123154
0.9165110339448498
0.8462331294584097
0.8765779743585578
0.9381670678084529
0.9331252252969564
0.9416916415072879
0.9681853094684845
1.0365982600217742
1.0449512931216587
1.0998035560033148
1.13810767975821
1.204242244194927
1.1889612219495946
1.3185747014185663
1.1585204546562455
1.2145141988267985
1.2463156760533627
1.2827485580344813
1.2385314314034548
1.407645904193952
1.290531684243025
1.2265938592158072
1.321980855364716
1.2766937820314912
1.312917012073252
1.2865520438406912
1.2643650423295039
1.2996583830292
1.4410286280690923
1.6121618355242846
1.3892860592125575
1.4430240766318385
1.3501442053265302
1.4607189047951774
1.3874477666921239
1.3591854687119156
1.3428797141742908
1.3672924707105831
1.3647884938496286
1.3005513413821679
1.38893034351083
1.3969787039534616
1.4511698293820376
1.386884336946101
1.4428068593295527
1.4599583448432751
1.4468840546952435
1.375456956988024
1.3483779670463594
1.379942375489511
1.3549841884272276
1.413902716237955
1.3723124685981702
1.5181783110446696
1.3376429362538795
1.4958431348206889
1.3292301321070505
1.4261400492354692
1.2858603971336182
1.3215294954583126
1.2205756224305748
1.3223981623633023
1.2577984402268405
1.3197209972213646
1.371919098162201
1.307283978648381
1.2636257727368747
1.4258973677710793
1.3219751484376268
1.4510484681756877
1.449012762548545
1.5193740475455388
1.5314774356932774
1.5188776815456362
1.4159328829560778
1.3484387163029525
1.3042505554020898
1.211353394809964
1.210563765944655
1.5494195450187682
1.1401241764027232
1.1241932261419219
1.1350003881964872
1.1481490846752573
1.2558783110446692
1.1878342180010073
1.284646858354593
1.1247903327862723
1.1553956880778666
1.075949778521636
1.0841497585349602
1.0470838034806063
0.9913983313563317
0.9415424897222989
0.946126488032369
0.8745057178141402
0.900000941161177
0.8275694584098406
0.7776143642449748
0.8285550519166084
0.797300135681903
0.8208785686777919
0.8637842295380314
0.843456575128776
0.8156575068653418
0.9279872294892836
1.0195598831673194
0.7793073796330902
0.7891943571440179
0.6082207593474269
0.6476593712159373
0.6772752923254415
0.6300023084610259
0.6503972693651385
0.6301789707837053
0.7223754802001916
0.6736016864204353
0.6698134168928032
0.7152013822654815
0.7195041430428495
0.7607331921808227
0.7879245736825855
0.6922921622008094
0.8366494419980177
0.7637879681025658
0.774412621504363
0.7887203300238865
0.8192543824442244
0.8218787653759282
0.7984645619993176
0.7576402664077607
0.8134547412294244
0.7245626464795827
0.7250679833281876
0.7964705259908028
0.6640251945044767
0.6140820400383485
0.6063057372808373
0.5860827372158399
0.5661786881103654
0.5539686177020199
0.5699608960855365
0.536351537089095
0.5188775231471703
0.5283734297947709
0.4900018836872979
0.5049004259274305
0.5099581405404527
0.4857455493410896
0.5091879308266033
0.5570870589200695
0.6579627813165208
0.7116077245413626
0.5997186817406283
0.5939305516159958
0.5437856100810842
0.5844439595229196
0.6301283041224549
0.5399100304999919
0.6657840766480883
0.6604862210883802
0.7045928113777805
0.5799222558781951
0.5761942011829512
0.520101690109033
0.4819761038494661
0.5284210855039728
0.6018357446742821
0.6204440349685575
0.6372266416860306
0.7641310267951448
0.6969335894119367
0.7657354578086155
0.7171344541850149
0.6117060288263109
0.5906883254740741
0.5043346896215531
0.5637292486309939
0.5755214056645163
0.6008170885588469
0.5059072998488812
0.5068598576071237
0.5310701092442437
0.5530215831396955
0.6421808746201719
0.5934183222404575
0.5743694343933313
0.6602018031393704
0.6260254226613152
0.691349733186006
0.7788303324612859
0.646204973042362
0.7179472175947743
0.636667333696235
0.6760384409580604
0.627661243707447
0.6670808883996036
0.666961408410653
0.6694844584423393
0.6709073543653824
0.6266222999951252
0.5396965202872881
0.48421306519231083
0.4798716248842235
0.4689094349295591
0.45873911077168067
0.47217981180026325
0.46348971215937346
0.5034519348564372
0.4791682739474496
0.49452739347751906
0.48615711134040723
0.506620877138818
0.5882702702263531
0.5451122929266666
0.6551991939844982
0.6814975041842024
0.7864296317901887
0.7539759852781073
0.6796717469166896
0.6101993609463611
0.48033361432215926
0.519098375684503
0.4705012163273264
0.4192947655059229
0.4404215144375294
0.49117797595099205
0.45513967091857466
0.5120643303326238
0.504889444727905
0.5349054449228969
0.4767379198583058
0.47286531140215465
0.5464243118408867
0.5756202174647796
0.5688417570075234
0.5607825715051755
0.5630825962854034
0.8067594142116638
0.790521826473408
0.5913375508197787
0.6047072840870312
0.6121579892266945
0.5495941927332996
0.5552072189109699
0.4779464078094278
0.48499863856615916
0.49545732799272024
0.5354763613363449
0.4939000350335549
0.5067418297882712
0.5197649305666142
0.5020350425407453
0.48683238519036093
0.4888351474464179
0.49134936937976303
0.4758055153312426
0.49179267922198205
0.4552348855397215
0.5347939061926196
0.5840128453876278
0.5648679943289839
0.5969230753156433
0.6588312209583853
0.6183017353471669
0.5867504560536877
0.5499586705285906
0.5554078239872607
0.5399659660713996
0.6009744866836744
0.7580666465445801
0.5079371478039032
0.5338146112185373
0.6056538792999788
0.508169860532003
0.4600518197461855
0.5158741416129085
0.4879034020896638
0.4671767278562259
0.486652560049398
0.4597920943111097
0.48470074566549126
0.4637833766432135
0.5542772571943907
0.5605235443525456
0.4881892731674819
0.47058691482101356
0.45490134716692937
0.5122152416112835
0.49330612695601306
0.4606042792122325
0.4873859039339627
0.49971717669521126
0.5341420236265254
0.5410879587592011
0.5505468910482444
0.5182542498984417
0.4838111588209486
0.4896988388553972
0.49843923795518436
0.5152556106823093
0.5321481298483937
0.5470317744918023
0.6216534598235323
0.7182823718334119
0.6758418107440567
0.7752215530784354
0.7165523625550443
0.6420808585820834
0.632664694902585
0.6499139725386329
0.6095478357680244
0.5861763290814254
0.5745028527648234
0.5528198049105474
0.5308013558440714
0.5160500443769195
0.5212705719114087
0.49352776121609987
0.4608741439365626
0.4346745965128938
0.4153517057896362
0.4052615326855267
0.4068124300060123
0.41281971575047527
0.40967877727043756
0.43310256711785644
0.4331639228644317
0.44894034911684894
0.4613995227409369
0.42723954141141685
0.4533290344323297
0.4541132846395086
0.4231079793146032
0.44073591387855254
0.4405662328528949
0.4463639273492469
0.4332422887018411
0.42451298092328693
0.49905599845631377
0.5228143145870232
0.5284601394517476
0.5122770820916137
0.4973469633740108
0.5622294086868916
0.5688474053557792
0.6113775430201003
0.6101772751661493
0.7111304871224061
0.6903005074015697
0.7145181077493054
0.7686589114574023
0.7943823030175006
0.8124023501405567
0.7903245265757788
0.8449419957426755
0.8334369511220162
0.8155959175184024
0.7368132241107553
0.908321732341041
0.6006300975934742
0.5672046521830975
0.6291399611316033
0.6018668309907217
0.5457437107781803
0.5621098975479762
0.5515053068685917
0.5357705100177119
0.5156880289888042
0.4927820459856031
0.507774759006191
0.5078852829008303
0.4695963973773582
0.47086884046408095
0.5589457731756065
0.49795011434653313
0.4846341402479648
0.4920802484847501
0.5201669791196114
0.5355053080872914
0.5671306999073789
0.5761384094506101
0.5844198686891667
0.6481764154791114
0.6230992778635381
0.6000800976584717
0.6066249646252092
0.587892447880275
0.5760683284314521
0.5334034606359987
0.5219738232560407
0.5368397275799874
0.5874680318649355
0.6306064900797842
0.6906148876846331
0.7402606346988185
0.8052971540923934
0.838098235972766
0.8084195422563819
0.8721357301636309
0.7919463407484442
0.8166660085146488
0.7581344881623633
0.7525296640451082
0.6931788604182577
0.6230849648364506
0.5803262369152272
0.589553122308705
0.532722048390504
0.5744111891259484
0.6310002721600232
0.641172377406932
0.6299524663557629
0.5982434459791034
0.5798685586357063
0.6320898873758958
0.6050275869420387
0.584284502088039
0.6096366312214622
0.6294914373344601
0.6794395575307519
0.8015552997188866
0.86156826327164
0.9247226933264003
0.8556959875530135
0.8108357874750166
0.7784238897645471
0.6312293634975057
0.6077135362766285
0.6045985776149233
0.5486783842803983
0.5922349968476301
0.5331888686891665
0.6278647608261158
0.6190374127654734
0.5657775190198404
0.556463060756244
0.5315172477210315
0.5265527911798639
0.5642748121414991
0.578321372028404
0.6460495770786954
0.6569766224143255
0.6100179759997401
0.5929713508067791
0.5865804195251947
0.5399139085000243
0.5589799045189385
0.6038314690369023
0.7078342336328627
0.8341635514535025
0.8667656884028534
0.7714157686745422
0.7323959522432201
0.7409649051201638
0.7600158780000326
0.7509805488861085
0.7481891243236216
0.9004905918005882
1.11537259030565
1.1371057404007086
1.186790883801043
1.293415202222908
1.1300129385287856
0.9737765902406527
0.9227836635738776
0.8110627755480087
0.7593659765034693
0.7549550795404689
0.8102955575957491
0.9040004894298111
0.8923540766318391
0.7224974945158511
0.6175088766838369
0.5646824333371248
0.5706686350075562
0.606017704944671
0.6530984578248648
0.6897488405615768
0.6480226583903413
0.7309416463170894
0.6103275986090573
0.6337671881672381
0.6383886084724004
0.6335082881168651
0.612925324190377
0.5799507132968266
0.594914716822931
0.591497193838254
0.5913219456784908
0.5743870753481419
0.6003602120862515
0.5574321619083212
0.5623710921174502
0.5272636997611347
0.5320763275377391
0.5779184911684893
0.6478333303326238
0.7240242698201199
0.660214544628784
0.6826508626119171
0.5779039887067157
0.5281539135210673
0.476259363903739
0.4509827450480167
0.4785964860986985
0.516459979298354
0.4990070947823403
0.469685806909215
0.4959809486196195
0.45496341981768246
0.5348633484831251
0.5192548405940755
0.5086207882549846
0.5089081991030371
0.527104498643181
0.5334674376106986
0.5420878297395232
0.6112645662891406
0.6383091165564421
0.6993580509416486
0.7290799993987748
0.6749154945321004
0.6299044167953071
0.5619312947790905
0.572458228920557
0.535386655319218
0.612508903105247
0.5985307592174323
0.7201013501243074
0.9541547644659659
1.433547287174404
2.2135177340309715
3.043702300580101
3.1104852306592354
2.6956131380705535
2.385070118945094
1.8628350429794769
1.329432399538519
1.0091222216083586
0.7560788014981883
0.6323710081571635
0.5544483005963505
0.5016170096033539
0.5353177928372954
0.47409416975674756
0.4950767280674673
0.4855131483563802
0.44649440616824554
0.46535439973351095
0.4477878165613168
0.40655426970637454
0.4437861342357128
0.451203628410328
0.4413724402918379
0.46544715672478504
0.4722938905607644
0.46237965848783746
0.4565584209388862
0.43153417284412027
0.4229932028891308
0.4165684465640792
0.42842935490161027
0.42217301096829757
0.4890442398563559
0.4393724649258218
0.44981560725370084
0.4367531737053347
0.49783419187208533
0.5441507157829739
0.5081045846021351
0.47398363905363905
0.49044950337173593
0.5439877419931428
0.4947916773533092
0.49996419950927024
0.49553006959587925
0.5014534736192132
0.4416026502494272
0.48366179607091214
0.4709633841341545
0.4842852091938708
0.4742771381355519
0.5838138243772443
0.6611326357875239
0.6981707402057165
0.7019441225849435
0.7454417102907005
0.7292802788872458
0.6930553673810954
0.6122471443102971
0.588551018832973
0.5574379881867373
0.48412889507807805
0.49989568945905977
0.4885995196698136
0.45710193477519057
0.47647882081864124
0.5027783587852002
0.5377732254919486
0.5651660782892706
0.6943967181553762
0.8580987921873223
1.1506257637997432
1.3438871882159862
1.2021866953738158
1.0413513803805592
0.6985761412879218
0.583699613233454
0.474915130644611
0.4780950637461204
0.44220487795128455
0.44231446146471454
0.4926214077444304
0.4659942040103346
0.5049529638777401
0.4298602461935945
0.3697683230041761
0.46081884787377514
0.5819256794332234
0.6899994632683901
0.9926209632602656
1.2182862520921012
1.3130643765944656
1.2510825685315479
1.073184842300255
0.8508186004452317
0.685966400269739
0.46848268513673813
0.4100172429599778
0.43164641619408195
0.4329501089680051
0.4407923447945272
0.4265800215791099
0.4317926620464406
0.4214180966347638
0.4195537884824751
0.43342793926000556
0.4333403624412993
0.48835497629222796
0.5443960887050909
0.5318537714694269
0.5292385910043711
0.4872804966445134
0.41367443583952157
0.4470603539591493
0.38632730883476063
0.40371037495328316
0.3966838357192766
0.43385302521895974
0.465315968411303
0.543216503322988
0.504087634568824
0.577957513088835
0.5529236016151834
0.5714482004679807
0.6357580713995548
0.6178109154222388
0.6169959681838125
0.5803624185177361
0.5254115004956046
0.5138988393266278
0.5259683540891439
0.6153342964690204
0.6877449359451422
0.666491748265384
0.5367279871467802
0.542504325019093
0.44060029268292694
0.41520475691002745
0.38002992447311545
0.39695630880226196
0.39184699135535667
0.401449023366536
0.44720015230496746
0.4431732092751174
0.47496721544986276
0.5026896511593897
0.4776503147495166
0.543962172389139
0.43247999424773736
0.42949086706423373
0.4186600825790936
0.3967273314375782
0.39599554560374384
0.4213948227360622
0.4351824995531435
0.46631348193887007
0.4244454816138835
0.4591164797127118
0.5354820920687021
0.4693215538096553
0.4965649158609707
0.47875431959181697
0.4786650843502705
0.5328808557059519
0.5629402308054793
0.5885315708552022
0.5708804440129345
0.591208477210315
0.5831212110462942
0.5874670013486943
0.47953963391885085
0.4910167767829577
0.512912278692254
0.5091850052485335
0.6184752950065809
0.5142191143302839
0.5134994871061569
0.48800379880079947
0.5750619045026893
0.4718653337124844
0.5037738496612013
0.4865062325279082
0.4928515805398027
0.5454112692838919
0.5883642683576802
0.7431645733575992
0.7370391155489835
0.7737577547976145
0.7997010033961098
0.8016409297541476
0.698665190328399
0.6561948423815017
0.5397580433532116
0.554001726377537
0.5288996480882664
0.5151591057668872
0.5632269494483353
0.5725130258039356
0.6223366238605157
1.0434315472611753
1.2862447691782712
1.304504390568889
1.312686683999285
1.0909316306202372
0.7567649297216489
0.7647591327732731
0.7734076805706764
0.5957067131830811
0.5697107752555206
0.5728820249102227
0.5537003760419883
0.5942630429307292
0.5287948501486813
0.49338177956159307
0.5154687554150892
0.4971040962122813
0.5011074550949773
0.5160957318535611
0.6214200836840481
0.6688906886790921
0.6655630657772865
0.7033383296176532
0.6315677060008774
0.5668945918005883
0.48234078157651006
0.504301341284672
0.5077021385580345
0.5034242791309859
0.5305546021189126
0.6054750218715975
0.7174121915470987
0.7705194517476153
0.7149140384459141
0.7160718591670593
0.6989702539445247
0.6814572273768706
0.68120821551486
0.8042326949513334
0.9090326125672314
0.9182833649111976
1.0220722706813343
1.1071939867730456
1.1328373801205702
1.0131552439836857
0.9595734580198568
0.9137361970068734
0.779606028988804
0.7464318599795258
1.1239230441494288
1.100030227003136
1.3839358442339251
1.4884314470028117
1.275860537040347
0.943288407565688
0.7650664026746397
0.7053239646739571
0.5927228077704295
0.6616855747225426
0.7924810053460296
0.748883977673421
0.6879473333225005
0.6540050325961553
0.5854176783770169
0.5834705713101835
0.576412615394615
0.5647005322630442
0.621716319315578
0.5554391957719245
0.5578981810012837
0.5409873300076371
0.5222712061227475
0.5841581734453454
0.5324238652930566
0.5312819964251474
0.5284982369802246
0.5650378508961506
0.5583080329211421
0.5626039790871127
0.579292843226467
0.5291225559708163
0.575044197673096
0.5993845857070894
0.5836519492208447
0.526779129669651
0.5202788849222469
0.5372660378284396
0.5415256682211859
0.5680151921808226
0.630675519588567
0.6070356060025025
0.6359998000682471
0.6139901238198923
0.5905811329195172
0.588939491054744
0.5754240723257664
0.5570662550819778
0.5600533131083344
0.6107137157017274
0.6908940450106432
0.6748361359581418
0.7845238285045742
0.7409905389902667
0.7260745847483792
0.7733458201849175
0.7185531499488146
0.7143498494987082
0.6821136991274109
0.59109281139403
0.6049013850928648
0.5505470657122894
0.5285606358687702
0.5123237407906923
0.5574858348255634
0.5754938330056386
0.6519896783120197
0.6527567591686843
0.591154080287938
0.5371178102403277
0.49822593662761416
0.5241842554882111
0.5420230606262492
0.5176258762126063
0.5172672275718628
0.5023599363838742
0.48568738847272547
0.5283216572691377
0.5649586763945987
0.6250863522204708
0.6679473119546318
0.6887552149136348
0.6975734065419801
0.6518689865780535
0.5487541230886728
0.5537963869777871
0.5042889932240296
0.5683343673485969
0.7124143001738678
0.5459753200305488
0.5624077614923385
0.5423208174875287
0.4799944606684974
0.48548574324434113
0.4834423874327684
0.4985692948115892
0.5625323175606507
0.5681326205944005
0.5727646153296175
0.5798111269722624
0.5670581743065597
0.5783397547651161
0.567266924895598
0.5056525859345802
0.5216227107944298
0.553468938301295
0.6242277859800783
0.629201462017192
0.6837621124778601
0.55995865624543
0.5772717960221639
0.5542532634503826
0.5637415859670789
0.5741366481045157
0.5840588924944345
0.5169801353731659
0.48484674027071395
0.4598748042118263
0.4337476317251914
0.4392111189288442
0.4777022047415544
0.505869450301425
0.5788595900619098
0.6735510653223056
0.7425841905558894
0.8220842977852163
0.8506683628800313
0.9230857689995288
0.8598574226938138
0.8478633354999108
0.8018171779789084
0.7908408167888075
0.7817621897596724
0.7493241226011927
0.7464545832859395
0.7335978722152712
0.7242494082319104
0.704333690499017
0.6948500822216084
0.6313863164556961
0.6048905791261109
0.6258439556230806
0.6300845357404008
0.6357532893680635
0.6532133487268651
0.7116517060496255
0.6602749775271769
0.6947422325929055
0.7348857914236038
0.6572017211452528
0.6141202311304659
0.60080444823776
0.6009904623746771
0.5707293002713637
0.5390148894233113
0.5180820857314637
0.5015310635836272
0.5067480458231098
0.5161913405209535
0.5228583027250127
0.5357929289579304
0.5160789399587267
0.538082308558522
0.539523920995759
0.595912580751044
0.625841473164232
0.6408038553647163
0.6750583517167417
0.6852663832404414
0.6490208493524641
0.6974155446450334
0.6445017360621375
0.575660474301685
0.5333509516257455
0.5757590758843697
0.596023972993614
0.6264484531775564
0.6442308717115418
0.6552899498383192
0.6501228578346142
0.6429818400740969
0.652354394956208
0.6904800733657237
0.6637900039810857
0.6599583258153101
0.6754860851139889
0.6416427933410246
0.6097592410588062
0.6832053495718302
0.731805276774833
0.8324374610422319
0.8526254004647308
0.8605278804374321
0.786249587754505
0.7074683572902618
0.6312315211322533
0.6663161010058334
0.6465141713979299
0.6397872673014738
0.6323820767455842
0.5922502865244308
0.6051581052794072
0.5741339433548367
0.5813903362636292
0.5835686722022716
0.6383380643635951
0.6315219080612925
0.6944396616889553
0.6803089852781073
0.7913486716172957
0.7013783519929802
0.7219754184527389
0.8114017919760809
0.798793445670366
0.7134178727190005
0.6746857459742287
0.6939598976292227
0.668167869696625
0.7069306262329177
0.6907973210542565
0.7278499658764075
0.7017027622885554
0.77744842787735
0.771442625891682
0.8241987673258477
0.8333819278204775
0.7856148877983783
0.7289436315951967
0.6949983125233584
0.6618580456281178
0.6447514934108968
0.6100954924359371
0.6118239060463756
0.5894807780504054
0.607368931996555
0.7007111818949969
0.8539967398969792
1.017081359418924
0.8320453564290473
0.7832325273882451
0.7175362275231147
0.6545748503924214
0.6696724210363822
0.6248329077688045
0.7551448086641427
0.7278236439934351
0.8609218389366438
0.8775436052387839
0.9923889896166782
1.1154804790302402
0.9930821153377423
0.7258290861214474
0.6363879216132333
0.5718179866268016
0.6153856395411189
0.6981424083944038
0.7730128443964185
0.8203693664386346
0.8593643655449211
0.9202748210136331
0.9457369290391772
0.965666277116069
0.8898547625160462
0.7984724117255164
0.718222899026665
0.6401628128889684
0.6164291345444501
0.6324447162867032
0.6089198810386571
0.5829086700086122
0.5839034296322776
0.576266884970995
0.5796829103686973
0.5569362264831575
0.5581559889829544
0.5809119907053836
0.661798204075332
0.7196958299345152
0.7260100274613672
0.7136887178466388
0.6665292742886856
0.6303142686176696
0.6323943166019403
0.6001843211517525
0.6477174895110577
0.7517490186542306
0.7772420017549277
0.9875737176841456
1.1606463984985618
1.2049757946734696
0.8942920444906649
0.7646645444012936
0.6038523867340473
0.6412137865650542
0.5989347941697405
0.6302600144456539
0.6557520800441983
0.6627250060447506
0.7082766622251833
0.7403059184933622
0.7830295235696527
0.8031353005313532
0.8311992746299214
0.8566157787491266
0.8498718218748476
0.9556569555255846
0.9782027090882499
1.0469474371557175
1.0001209964088982
0.9786754960107893
0.9175492663427636
0.8463175052404089
0.8890196176532718
0.8963864823451034
0.9774924801351946
0.8252410633561365
0.8573200714970507
0.8366605490648511
0.7446077829414537
0.7559350363172519
0.7579340069222145
0.7714548757738745
0.7764303053249054
0.7504755050129182
0.7244997733218504
0.7560582060739994
0.7101258176337725
0.6888532881656133
0.60233276314977
0.5943025663378885
0.6512093326725273
0.6938025028517575
0.6749666378836873
0.6700779907541314
0.6859534518126127
0.6699503486131199
0.6502714762516045
0.624303196438147
0.6478497066833493
0.6172979294129117
0.5695313801530685
0.578569258981817
0.6529640531353083
0.6391008573471345
0.6922365160462131
0.7363217777416681
0.7318567788791213
0.7469241974293561
0.7974269308753513
0.6368569847093807
0.5680450865114313
0.5357953563478007
0.5807308688679091
0.5878212477047822
0.5707466680586925
0.5673803308201038
0.5876638893908126
0.5863028407403196
0.5437319676475845
0.5301745175411515
0.5503787709656975
0.5634433758957444
0.582331553354674
0.603153219950927
0.7238947173916576
0.6717496427909849
0.6834927220552153
0.6840240422645066
0.7328894498301943
0.6331527879624965
0.6038448695666303
0.5612338546497457
0.5439530238215174
0.5550794882436099
0.5835345721226498
0.6007583940949935
0.6357572367364844
0.6618360594887961
0.7122167715019256
0.7510382764173477
0.8480700971709918
0.9478748364504964
0.8916932292292944
0.8135198916169708
0.6882287354609122
0.6685682987439269
0.6154649257243139
0.6099215424676232
0.6410227626785393
0.6034350366422384
0.6387348232560408
0.7714672249882194
0.8450564387968996
0.7577350819291204
0.6364838508799012
0.5872022896605514
0.5688645549308592
0.5964145357079019
0.5949665366178645
0.5651152387026536
0.5559771616645812
0.5084806202369152
0.5229310718707854
0.5408252777497928
0.5428297079832958
0.5970376626476658
0.6575149502933005
0.7016270523878388
0.7152545884207276
0.6670522256056938
0.6011617406769469
0.6180163993110284
0.6522467402382153
0.6803943471669293
0.6124072223233291
0.6143932895143074
0.5793900100583351
0.633985539948977
0.6055317748492874
0.6639689856518419
0.7137975155099852
0.8227247636534993
0.7701252571456428
0.7136367484603761
0.7958658809574105
0.6803605848133765
0.6744898713378074
0.6556137963146521
0.7233362040915812
0.7079500689459058
0.8038655597081619
0.7461510372759624
0.7458755007718432
0.7668380663622626
0.7445395474724168
0.7461584887798379
0.7709468583545931
0.7437460320761768
0.7257824416405325
0.7130998166588127
0.6770543382947953
0.6748617153117433
0.6441688529760649
0.6564201110154206
0.6064274941908647
0.612927456313677
0.5878341019320454
0.5734721204725306
0.5809415598381567
0.5769205996977624
0.5595502655465463
0.5468319802570644
0.5564462674802164
0.5854908277246063
0.5620937872312768
0.5753937088607596
0.564648768755789
0.5848147365496174
0.5336273603938838
0.573016008823386
0.5506475121626233
0.5800803838741652
0.6398797946247216
0.629289278204774
0.6219308115565232
0.6698063504655434
0.6152780380071823
0.6073160839277879
0.6537544659495295
0.6487953451195138
0.6489377917485903
0.6738586072049529
0.6686265514535024
0.6924459631627694
0.6602704661770201
0.6409702132724525
0.6205874040558328
0.668966280122195
0.6824173497993209
0.7388313622625566
0.6866570870801578
0.6246811104954422
0.6013308245072391
0.5560591176288978
0.5554976575453763
0.5862930572951367
0.5953230874376432
0.5912282032791149
0.6109412493947123
0.6162832049365463
0.6047683077623048
0.6234484304122456
0.6571050439381875
0.6417067078370517
0.6154103307713555
0.6138153920800768
0.5824244762678538
0.5646885834159342
0.5862814497489478
0.5842534759103687
0.5810710043385712
0.5985905569295267
0.6235919467996947
0.6619727013373198
0.7056112379551843
0.6947670071009571
0.6340726176532718
0.6158431711704392
0.6244944973757333
0.6209208521473488
0.6101900199216781
0.6142012592743049
0.5847765201897922
0.5576581109179246
0.5962030240002599
0.6444157699419899
0.7723767853626038
0.7528563885539723
0.8231241744528037
0.7306621786613803
0.6468127838676655
0.6446807986545555
0.5980026521343493
0.6533585875270147
0.9262013465819534
0.9057713761557336
0.6455825520059798
0.6373431166214395
0.6511201613233455
0.6446422311792137
0.6562896388911458
0.6488568329731397
0.6494663693472644
0.6284834537462829
0.6841332380851792
0.6626978993191532
0.585796203246616
0.6115218052355341
0.6453316437659447
0.6618763211030045
0.6178870026323914
0.5494945017305536
0.5123497741018185
0.5529322161160852
0.5582453076323102
0.6558504685006743
0.7100456413285452
0.7221466930501618
0.7349612396938627
0.8306303524479614
0.7993090560764368
0.9621973963698995
0.8044600757218765
0.726077616223331
0.6904525494223362
0.7891627830227003
0.7395216358525212
0.8273397037747193
0.7114779578492386
0.7437504424529988
0.7368004280885914
0.6799932936416373
0.7039969570205229
0.6633645589281942
0.7018054199964252
0.6463529356689037
0.5711864777627923
0.5417351941957393
0.5975545454737493
0.5749033486618678
0.6147353746120472
0.5753923726133797
0.6762900544027557
0.6019479319640566
0.6077008835573035
0.5903777699582392
0.6598798535610406
0.5847105176061488
0.641942245478624
0.7999610094571099
0.6593655335629907
0.7080631783363937
0.7243513791456104
0.7281531353894152
0.6552555888757089
0.6747938485399977
0.711065934645196
0.6617325251458378
0.6841655607643684
0.6257959261467965
0.6075122643115971
0.6185378750426546
0.648031740286963
0.6273307015485613
0.6232231944232302
0.6101987124193626
0.606578405940755
0.5814956996798882
0.5563356148258886
0.5115927157667246
0.5136308864334347
0.6427288364504964
0.56565626860142
0.5805117922035715
0.6269928584195902
0.6696420608374903
0.6902232545619992
0.6732714485952456
0.6435790967160104
0.6153933594676719
0.5680089266992737
0.5601106033051138
0.5338473341837149
0.5522542575356267
0.5600671869647876
0.5709984131717067
0.5849369949627079
0.5617105282657089
0.579866499293154
0.5435071424578736
0.5576513607513689
0.5459849124973596
0.6079655912968591
0.6817935524284623
0.6925344642433501
0.6372176083099073
0.6914521665718788
0.5901996038250921
0.5963885877545052
0.6266723485156237
0.6011670540452707
0.5902934251312133
0.6393376489332315
0.5656455622268081
0.6183487242651241
0.587311839732861
0.6243644008384654
0.6010994101493312
0.6830732729074925
0.6640550734794689
0.5963997804065582
0.5608227829089549
0.5287847998082579
0.505206479371476
0.5158777572350141
0.5018215850408672
0.5220588902682765
0.5266566250792155
0.5490009810857801
0.535012294762841
0.5529068272371265
0.5146256867941698
0.5171247856550917
0.5275255864058108
0.5787596001039957
0.5653308917144668
0.5357459878617505
0.5159089227344371
0.5150132517346158
0.5303402616467071
0.5027538784062657
0.5220225795485935
0.5342334667294973
0.5913512301555061
0.5413633118571359
0.5550765343429583
0.5750191474301685
0.5365340807104207
0.49026698119952555
0.49319921663606386
0.48488489826294673
0.4824042315042005
0.5232880344323296
0.5559558819648689
0.5345370801091954
0.5114274045758113
0.5140713994085243
0.5175082625729188
0.5403077431793438
0.5457169668838662
0.5745186813181458
0.5622970768755788
0.5951471721616484
0.5684160902000293
0.5912598563234267
0.5756538709640728
0.5919920618449488
0.6334904276173609
0.6489990544677531
0.6434965707577064
0.6075404245949854
0.5950829939877481
0.5992684072732
0.5661450595700427
0.5800858374417054
0.5120924664370095
0.49675498071204566
0.5752375648429502
0.5886395158999692
0.5982675032254918
0.597920119660064
0.5704244982044491
0.5502175118051381
0.5702632307567312
0.6890854692643927
0.6704927619473198
0.7120260259501794
0.5721437431143463
0.5904684106368113
0.5479401363156269
0.49228914535025425
0.4730150354560374
0.4893736816918802
0.46605405823759766
0.5154723791618595
0.5178370960010399
0.5123923459482296
0.5294527045546871
0.5522826934238964
0.57951522472823
0.5611289728798687
0.5308987761979819
0.5114019786483808
0.49965990224403245
0.505080788287483
0.5075551273297477
0.501851315903219
0.5116134984644384
0.5506444443541705
0.5933789221657108
0.6434884667619961
0.6750799930452868
0.6531393358898945
0.6670855541183928
0.6746386688386603
0.7002303879364977
0.6557913395134951
0.6145465427763606
0.5732316254691993
0.5895082784485141
0.5336066020051673
0.5474105860320762
0.5359170099608392
0.5354700489592303
0.5408427210315074
0.5292739479208982
0.5881813639687363
0.5526584014884386
0.5506723319088088
0.5493508513186331
0.6005106272403764
0.616474714353033
0.5544596969987488
0.5520211120391283
0.5635885199623015
0.5225778143026599
0.5287359828732066
0.5160070397296111
0.5197007753367674
0.5113280648835735
0.5449639902016541
0.5044871915795974
0.5640867439268131
0.6247031126566029
0.6932645518597358
0.687832296680262
0.6988590357972734
0.6905381354706619
0.6770172671389805
0.6435459415349117
0.6193491354869113
0.5885431935620155
0.5913523934450203
0.579180054207764
