0.10463047719073001
0.1139905503922565
0.11516188611361727
0.12113418014407908
0.12151647088887521
0.1369517802381414
0.1347398278236109
0.12535422135884838
0.1455140611721146
0.1419840543230837
0.15109154622940413
0.14421267557803313
0.13280433141110143
0.14574769600752885
0.15464520060744624
0.1510098185395277
0.15772603299567575
0.14549295226119435
0.1434045400879603
0.1361004963012563
0.1536384946065038
0.15041740601159478
0.13551152038843417
0.13972881742593676
0.12843179762742252
0.1470250089111311
0.13874836322121822
0.14870093457273528
0.13333457635717816
0.14350613464596224
0.14376244963393445
0.14388270730551442
0.18986112817548706
0.1425964456667227
0.12722739495492746
0.15340273572080929
0.1931381712518539
0.13954232415146217
0.13934922395147611
0.14846026488422479
0.12565365282488491
0.12650848211730678
0.12675144433922017
0.13940284252159046
0.13118035186154162
0.14095166140603752
0.13861667631879268
0.12951643641920405
0.1321527981727844
0.13196764926156299
0.13024483790114622
0.12983236806951076
0.14577738248419853
0.15087784284585382
0.1304931581448622
0.12051523501421874
0.1425966412222787
0.13864251680699374
0.1437460713108501
0.14240838901526048
0.13613038853219167
0.1460002485242575
0.15751942060382143
0.13915046641486128
0.15341111688188838
0.1272763258392677
0.11259118996101936
0.13671028137703609
0.1121276562352712
0.13476557563934344
0.11582222009266277
0.11425740816924283
0.11526277088484387
0.1483415470164267
0.1503899551297777
0.13629263405532602
0.15722135594475098
0.12869304578139804
0.1829187994134486
0.10086205020382673
0.17732976798586664
0.17282726990187147
0.2307238007174416
0.15290215123009107
0.18811366694839882
0.18937952569184863
0.14715433108305323
0.130666793905137
0.16279799059674863
0.12451118183073327
0.13224029063296205
0.11845010915910228
0.13265765440067975
0.12309063754538903
0.12125090523879037
0.12596793443293205
0.11525978156026312
0.11442185445717407
0.13210034544089794
0.12455027887005035
0.13368442100841768
0.1312241160634805
0.1335183446663697
0.12084437465874366
0.130062896749287
0.1471532482997274
0.1625415878653152
0.12052118088210152
0.14206929521775213
0.11788075727280517
0.16991156810989166
0.13350075076012033
0.12782064643437532
0.12225068263866547
0.12552860242605535
0.10239017518874087
0.11819161979092706
0.10828480362702358
0.10966300892316877
0.10742377506379731
0.1203619630717469
0.10206697703301773
0.11496665784978938
0.13412881496535775
0.13085351105035845
0.14499896770637735
0.11807953397799333
0.11947652205383572
0.10770171869546138
0.10489245976503864
0.12290889283637783
0.09975813696608601
0.1035531134821211
0.10185664748156101
0.10858091411978744
0.11098584289954914
0.11927585498754366
0.10563141785615297
0.14616627200214546
0.14024245807065414
0.12314949383051059
0.10746442275750509
0.12086254019886541
0.14233480183045444
0.11727781748032805
0.10614075139426069
0.12273010720406137
0.12293620643767322
0.1305048335451114
0.12043377302861191
0.11333975837989757
0.11379759588541441
0.11676955834467483
0.11087635512491649
0.1149835045401116
0.11381750735003261
0.11516829273427383
0.11280195627462643
0.1101644532438974
0.11903656381457689
0.11481208021669674
0.10183557407755464
0.1197894253661437
0.11974445656952708
0.13269583889977155
0.14134601562039564
0.12785195226017163
0.12810421330686916
0.1543921088896039
0.12043343524451204
0.11457859078647219
0.11103926114446651
0.11253390111546069
0.12332773743184437
0.1161815470476641
0.10615874351574155
0.11077125123401602
0.11525738868797653
0.10674461059310973
0.10251810836471936
0.11864422989525579
0.11652463907868446
0.10508906581681078
0.11654818156366646
0.14007673450810312
0.12447858104376085
0.11694472256245424
0.1221712401036422
0.11033779870333231
0.11300230567255963
0.11560127606370264
0.10301509380101449
0.10466944069197473
0.10655084236702114
0.10569753147954015
0.1099181564186225
0.10348600737081912
0.10176430344612863
0.10296568350022739
0.11375147676846412
0.10574751725822272
0.10029219937295222
0.10555732386278688
0.10036543195905515
0.10380481681178856
0.11377918861284275
0.1053833293580011
0.10135838211104808
0.10775647316654188
0.11097013592320354
0.10624883349589065
0.12224604294233887
0.10606349625893033
0.10907947933698138
0.1147031442664189
0.1244681731825677
0.10555871891416196
0.11528056676400363
0.1042257179278081
0.11824211111309517
0.11229221796070818
0.11324295812645231
0.1146475874749055
0.1038410943213449
0.11517105096999493
0.1246105379575461
0.13450560114671742
0.10695080323406671
0.11382255857978427
0.11596019162385192
0.11672157662566512
0.11047994049172519
0.1179938068224278
0.10847291503268848
0.11316718242708175
0.11735448608611557
0.11789703739955809
0.128511447260313
0.1341435741297603
0.13661012667770142
0.13699863743010274
0.1284361142716283
0.11688599748112932
0.14501246819209707
0.14522329857106694
0.17487057441992768
0.10942455142575662
0.1257312951982753
0.146252786408252
0.1252756621063446
0.10732593862285561
0.10148731722553057
0.09984695061770286
0.10092212278704141
0.09929693477412982
0.09951612245805327
0.10152826878379795
0.10118201678141087
0.10046171130292629
0.10731890816655194
0.10497327268811472
0.13562018264097997
0.11121770847298598
0.11804047938247068
0.10871656914818174
0.10134663846053356
0.10264374527199896
0.105706580403996
0.1074398438893866
0.10251812573568804
0.10060863161252598
0.10588316375735046
0.11341609866072387
0.10668571363198884
0.10517695216097094
0.10766062412835227
0.11236748484015129
0.1050815688509237
0.1058765139694135
0.1039178864476034
0.11263542123176506
0.11419311489868846
0.12042350540072602
0.10972186669611914
0.10728569758698023
0.11509257637401064
0.101770342679083
0.11730264523444771
0.11504296377367225
0.10772918803785766
0.10619176008991901
0.10403616938719941
0.10303778269994576
0.10304768456110812
0.10456896893102621
0.10157258865858536
0.0996245897973475
0.10074614175070783
0.11424564989607429
0.10079414206534693
0.10326916800915006
0.10718209529228756
0.10146483802570905
0.11551796059235442
0.11264025658160184
0.10069875129539302
0.09905730347313077
0.09943674921474065
0.10597460563200034
0.10888041171538965
0.10316500802931974
0.10113368833822621
0.11116763516668329
0.1006061138612174
0.1130859094273904
0.11624050296701458
0.11380597573964378
0.10851001658485344
0.11111817202122103
0.10547064558740028
0.11009122553039943
0.11164471079659866
0.10940172413070856
0.10412065928211083
0.10378938215733073
0.097104233435173
0.10186759239058069
0.10096586984822811
0.10068252580114814
0.10173923767889587
0.10280356412620298
0.10457102226013044
0.10231885855636286
0.10708701954592079
0.108702303648817
0.10603071580024101
0.09919363828154837
0.1113977690577754
0.11163774598782852
0.10237043343407076
0.10301650955164739
0.10367670442939297
0.10263556996755727
0.1040385546324924
0.10305553954300575
0.10040566819926114
0.09456543086239329
0.10138991843583824
0.09962317320849035
0.10962099475329978
0.10185379022991185
0.10592338100516199
0.10188007271988973
0.10516345490784285
0.10875139327122098
0.11686898427997498
0.11100237884375722
0.10520447663341094
0.10850880518070644
0.1208790175296403
0.12125504297776292
0.11624818405869905
0.11075114581459389
0.10625950562172674
0.1047524901838504
0.10939736284723575
0.10354856580561485
0.10880186749179496
0.1102930332563584
0.10626951669939586
0.10915781135223211
0.11344450458116191
0.11282434315418609
0.11236168413695989
0.11213025602912574
0.1158072234717194
0.10732358501265137
0.11198183876277798
0.11787142446376789
0.12242463205275286
0.11336788842604008
0.11560581440386081
0.11555143821414066
0.10838386680594542
0.11410564499527795
0.11122588922211751
0.10689922470573265
0.116854181923041
0.11100003215838111
0.1018557075790095
0.11007770073997242
0.11161760237966133
0.1078540892790077
0.1095710103278877
0.09963116672113044
0.11619654912230583
0.11794285120775728
0.11563957370192057
0.11689154382733626
0.10941123376288305
0.11343269277244929
0.12292706282100353
0.11094673940552087
0.11959384281316907
0.12303891781831615
0.11672724828565972
0.1096191449903366
0.10905780813534134
0.11612114037533477
0.1096908308907065
0.10894808531046297
0.1073206955017611
0.10959053288802208
0.1167138532549806
0.11555058882661619
0.11308731893683693
0.11337412842600846
0.11569550043484905
0.10542974463649765
0.11067186875478621
0.10346596883362626
0.11849997642746923
0.11050356007776341
0.11217735549692466
0.10953296861277871
0.11121282278894497
0.1044452290498909
0.10971250539616824
0.11088067098780235
0.10652738156502689
0.1219015789840813
0.1072509123858288
0.1079134986842384
0.10328004006086126
0.10662363074858201
0.11203788041165606
0.10546841258128968
0.12155470345677248
0.11919304566423859
0.12114744121719084
0.11489825689174483
0.11848562084463986
0.1050053353615433
0.10897096935745804
0.10250086318711499
0.10964587164170958
0.10292956252604803
0.10065080264758916
0.10857217630728253
0.10989238674278574
0.10409009948363344
0.11075486196616231
0.10141965434718274
0.09962184263432737
0.10869448226743526
0.1048138503559326
0.10353919825498242
0.10741268529476314
0.10164081297186914
0.10711383009499531
0.10454916879856084
0.10484121957384868
0.10779337013138929
0.10696487079709159
0.10465444426415917
0.10313899020916201
0.10621389256006415
0.10351295234841247
0.12108836341273352
0.10999119156138244
0.10760242910990593
0.10698720925722494
0.10561387079000235
0.11280194145270049
0.10997954894803652
0.10656543852407636
0.10216937937085126
0.09891603485720037
0.10686283409549509
0.10372006894318771
0.10905168991242786
0.10884588570199728
0.10977042613352594
0.11120627366555814
0.11164830877263839
0.11966330152354036
0.12325290349446197
0.12006099556055272
0.11552297058234157
0.1178422977203941
0.12681482612462452
0.13702257776451054
0.1206425455542318
0.10578826962751989
0.09832444817753223
0.10576229244722686
0.1026755912727166
0.10237978210644547
0.10582287985575943
0.10620731856544924
0.10359080970065483
0.11136129363633158
0.1058565774972005
0.10469881797557415
0.10920266612415916
0.10759427253935677
0.10836968557514601
0.10813381637267563
0.10899921864402602
0.10466802145268173
0.11901128244125678
0.1053185301720393
0.11309488101449662
0.10287730212506496
0.11082005787590721
0.10547803053349367
0.11076883311916776
0.10811996377869096
0.10785958574178468
0.10699091498569441
0.10884684139685044
0.10551225581839252
0.10640586460183123
0.1077928467542408
0.1053975807286482
0.10585956021181277
0.10847075079514175
0.10701078697338956
0.10955921934116936
0.11503426358680661
0.10425018958831282
0.10637876729740357
0.11366093387334118
0.11345832188808759
0.11401014770975794
0.12377426036348224
0.11214249875737443
0.1232512039086526
0.11690937001738258
0.11122892444100804
0.12771851433100728
0.12564272976925664
0.12512263972114285
0.11153106026274386
0.11573280862227754
0.11490326835170474
0.10703921431698149
0.11533282127558657
0.1102456437726812
0.11556922220327998
0.10600105622482685
0.10271106800206023
0.11013367032135925
0.10535518536582944
0.11338362993664733
0.10658952773478772
0.11238101803901286
0.10595885926201526
0.11695317343604411
0.11782217961311144
0.1131028794247276
0.12041914509318491
0.1246501011861976
0.13680708542708123
0.13318606528715182
0.12588409508971757
0.13098604953397897
0.10622599313572094
0.10895132316594433
0.1107718286538117
0.12089965711384701
0.1280744806116531
0.1113029949011764
0.10599493572391018
0.11098199726867587
0.11001518183361693
0.12416100307002595
0.11029357016904008
0.1231856641330297
0.114680473172002
0.11994158934593999
0.10731688389925817
0.10745504160848016
0.12360634890694909
0.10884020012996556
0.10469626832574595
0.10482984451626365
0.10693464232008235
0.10749324805135799
0.10878851731438721
0.11490037856896035
0.10432784110972093
0.10836960454960981
0.10958465308727831
0.10895227137927109
0.10273117075824012
0.10062398590220759
0.1015981001228798
0.10437860156513504
0.1154182385984348
0.12853344723115756
0.1449461800477888
0.11595856419642389
0.11099132753296506
0.10973743794025409
0.11209538373291851
