0.12187525739008577
0.10961021877223667
0.12421191282873102
0.11162356228421226
0.12682466049298316
0.10739730799749357
0.11373108948209433
0.10949777347682216
0.10997711670421491
0.11409982851425442
0.11044489655823976
0.10633769091613236
0.10721179565539088
0.1094877867236067
0.10780704062239797
0.10785555109520356
0.10779601546048836
0.10587510221025367
0.11624970847571668
0.10808519316407383
0.11194667303807389
0.10605795810370597
0.12268776176699883
0.11496119878513855
0.12498340567027896
0.12569267804384923
0.1325543720452617
0.1198269734322016
0.11270503386945416
0.11398518416230154
0.11143297641507663
0.10234713820033438
0.11385466368812422
0.09992903400788461
0.10898492335048247
0.10447925272674695
0.10762947474933429
0.11779824411908701
0.10941044469941398
0.12053362085412694
0.1266801273040021
0.12539882854691622
0.11590478249240312
0.12566379071202124
0.14072056487792314
0.11398522274209061
0.11650444026052796
0.1184482617400836
0.1172774144387392
0.11556190907264997
0.11614088043791183
0.10840072598677433
0.1097968695694243
0.11047389105438514
0.11543726349914758
0.10864960704087692
0.11769245617740798
0.12131328934260832
0.11677990471126837
0.10629215725656323
0.10999548645140578
0.1065942026176927
0.10694330653300807
0.11344302317310875
0.10961209511255864
0.10316331524892688
0.11988430326695505
0.11575290919255729
0.11165089497563785
0.10809345598399961
0.11862078917546444
0.11432199344557815
0.11067663244950308
0.11101780546676858
0.12249384008189125
0.11163608409932901
0.11511211011966252
0.1155811871230747
0.11908421961057832
0.12356021857057368
0.11237161515655235
0.1282355298302316
0.12249528101728413
0.12536263091417837
0.12129009610268326
0.11472551634199167
0.12531248041118742
0.11548087711093924
0.11640214455889544
0.11275368279038589
0.11834698871530865
0.11248263368475431
0.12202959866899446
0.1160274014540218
0.1132578049439809
0.15777807642444835
0.12508998158572485
0.11717820398322425
0.11910582355717447
0.14551835518546663
0.11178268114918535
0.11691436447305968
0.12499193274813622
0.1276800547208172
0.12193790954529438
0.11107922133603054
0.12034753545297698
0.11800828356776183
0.12964569740381368
0.11574841436737303
0.11148464492195687
0.123280328337741
0.11255074243134808
0.12303668540679492
0.10867483395256404
0.11027528141599292
0.12517590096461578
0.12787013665233568
0.11916318942989941
0.13786943536402846
0.12438424681745851
0.12358153098609888
0.13011331824120254
0.12964586312992402
0.12125567265754204
0.1139601967834949
0.13553841273220663
0.11476628935475236
0.11726429386559792
0.1132349077054238
0.11669234909235865
0.11797509777166894
0.13289983960437057
0.1077798229580225
0.12747502332504637
0.12143315662290971
0.1255185362724349
0.1158040075543616
0.13949206276351697
0.11486176996118715
0.10828812370181881
0.11971741923083357
0.11442526267570906
0.11597557424332701
0.10806597730783997
0.11110354710568253
0.11858277382670926
0.11588142326558676
0.10570143882327328
0.11071599917009312
0.11066925883863582
0.11329368568391211
0.11682141945730629
0.12035159781667641
0.1332628892422994
0.12490734899802598
0.11256585608403512
0.11788094707604495
0.1187629084447457
0.12067711175125653
0.1147792413828588
0.10973976029941654
0.11022464448923332
0.11180963222061395
0.11477436699218886
0.12122802832159214
0.11527803408342666
0.12148940029013913
0.12942927527929934
0.14202676454357493
0.12892955986183338
0.14545349548766676
0.12990989435238381
0.13162728183437952
0.11795686899193226
0.10915805030630824
0.10421517206915705
0.1092413795471388
0.11312820997511985
0.10408609465799029
0.10370062658492124
0.10779124262363607
0.11143962724339611
0.10452021669159181
0.11550464055323645
0.1165377488813622
0.11746958206325878
0.11387629380981724
0.11633493998909983
0.1297186841677889
0.11811389463674163
0.11164069739408264
0.1174154230903888
0.11590053975797306
0.1143147900209046
0.11063617055808435
0.10115522181379008
0.10994565017065899
0.10494759276207229
0.11879561097172048
0.11186018032613144
0.10322421970959644
0.12033532323124306
0.11544687872994591
0.11231193894747908
0.10949698732988984
0.10766970015710256
0.1173419109730646
0.10693332473075953
0.09980217088169897
0.10671280574607511
0.10578074394836225
0.1033141447154273
0.10892423268031215
0.10356230643889502
0.1043474277448707
0.10826223447181983
0.11191927622720871
0.11311311933031745
0.10702668609268776
0.11543944634547218
0.10637401645722412
0.10668291600792235
0.10763489761568452
0.11679249715745886
0.11839174804152217
0.10959390305188178
0.11506912400388077
0.11230091805538392
0.10946412221036257
0.10915446699280631
0.11379519594260043
0.10939452766267448
0.12796560420016664
0.13244160744081457
0.11586260193025053
0.11489666421868898
0.11161505775277636
0.12653332941430523
0.1183071432194188
0.11151805800373392
0.10743694681453361
0.11799079692433932
0.10564395964034765
0.1248443909090429
0.11561910270452971
0.11854380967774206
0.1093420868281603
0.10934610952516725
0.11043134635145539
0.11418433658186831
0.11215879746064691
0.10553063984413047
0.11908011945745335
0.1144402569859298
0.10213580344679725
0.1066882608076045
0.11573192898199303
0.10724711679217949
0.11035486988156124
0.10486192324422985
0.10794615196763378
0.11652685965528674
0.10301856297317338
0.11532932193715933
0.10917129475989674
0.10548494165026887
0.09922428826028525
0.10921973053216875
0.10446941833435733
0.10136527400096763
0.10432700471500535
0.09788935319424977
0.10356944886411262
0.10105752346390588
0.1001547048553569
0.09913595933442253
0.09903371351569462
0.10322014229601821
0.10858491502685035
0.10965932720111529
0.11102870431610713
0.11008300134999786
0.10381759298330713
0.10992932142452601
0.12120112467013311
0.1202249226369278
0.10955395251764374
0.1044566444339783
0.09898633282560046
0.10062891107957862
0.1100444606595651
0.09760839484340147
0.10035578253333985
0.09850424204136778
0.0954414120067224
0.10155242658519985
0.09954441745909702
0.10687150024738486
0.11043869731780688
0.10880153046317241
0.11006790346680856
0.10402086255208062
0.1088848008931024
0.10416207246062988
0.11071042673031703
0.10730735491459528
0.10504958469675299
0.11213259813992932
0.11856088022184516
0.12198535325722833
0.11996475726641459
0.12433703971469785
0.11133412359275438
0.12274034875687713
0.126671314084002
0.1166195033163134
0.11433403548296593
0.11870211407098177
0.1094214725102249
0.11137298685194719
0.11132848308777447
0.11508344098279706
0.10964757569991698
0.12673067667680168
0.12529892573749715
0.1272167145705492
0.11446839906583794
0.11854785350468044
0.12803846783095793
0.10954159959018564
0.1075626634757176
0.10597012155127501
0.11224987938219083
0.10473078143680566
0.10966207137129813
0.11597420839415808
0.10612412292379303
0.10508463166594804
0.10683407172422421
0.1073904352229193
0.10067512645265704
0.10338727000900869
0.11517150002161498
0.1093213143701763
0.11268808490139937
0.10819073619110707
0.10467606081659162
0.11996763104724237
0.10523389302482658
0.10147855843570508
0.10454572876690871
0.10150965778720183
0.09754440898713154
0.11350415401594872
0.10556675736000677
0.10068898798553513
0.10195842929295597
0.10112801213206975
0.09908363199219343
0.10122813665803795
0.10718036193052594
0.10080231298135406
0.09927692388589729
0.10006142575820372
0.10579029318023389
0.10307391399655466
0.11105725298621043
0.10403283239663301
0.10921623375025263
0.10942974884211613
0.10650045124341896
0.11578805246773771
0.11778851283165682
0.12699409428685235
0.13775074872349893
0.11829531804000498
0.15840210587427977
0.1262906276221028
0.11773475133305768
0.12152637525371884
0.11108170572281585
0.12250269768665249
0.10548155690053017
0.10276951556077002
0.10494319325932436
0.10548305259720463
0.11029755839820289
0.12149606080740825
0.12953637064984463
0.12618771650671753
0.12905839179992606
0.12084969711878263
0.14789346171951856
0.11898786576551833
0.12937780784674915
0.11504925931332949
0.10808290768872665
0.11142749482682954
0.13015477967540784
0.11563336451438577
0.12446177693264726
0.1271798600290788
0.11954592922463887
0.11273837286463011
0.11911823540769478
0.11947580624730345
0.13070628726518457
0.11821561746099883
0.12245627143808499
0.12759489637492502
0.1362705282160845
0.12691317216358636
0.11103454464065088
0.11440992870590948
0.11982229104097074
0.10977605456150359
0.13863020952258565
0.12252650147841296
0.13053093527429746
0.10687906506307068
0.12014603811568994
0.10554216904173333
0.11241054928080588
0.10116694861815184
0.11534648811962393
0.11977252718447619
0.11612848939163811
0.11881153091661877
0.10684977980349791
0.11406475553767406
0.12564754353318908
0.12183908510780657
0.1291028060568386
0.11822225047377931
0.12513506190344928
0.13262088322090523
0.1217996727611781
0.11549275101919247
0.12436888117224111
0.13963581751108717
0.1140905020355129
0.11563991938969267
0.128565414942275
0.112521947399929
0.13816341231244053
0.12704900755308374
0.12732165204122795
0.1322861957529383
0.12694388236873147
0.13676631118224472
0.12330998370339809
0.1476206854010035
0.1271600805493659
0.14244918996132472
0.1431349871596166
0.12798579456249282
0.13813624415743853
0.13260644435339708
0.15395417491959817
0.1565968514205443
0.13995179713377273
0.13619834752422819
0.13189218847605616
0.15690951073876772
0.13704471805211293
0.144060142027986
0.14904572727537016
0.18200266417464459
0.19121094256731916
0.14210882446202538
0.15007686649381616
0.13568846481604252
0.17547061967965522
0.1793187147005328
0.14048843882436293
0.1287720755523395
0.13753038796033532
0.13515835274994947
0.13141102075683275
0.13813337473073967
0.13175698281193818
0.1236682355982754
0.15238373994277662
0.13888178144758537
0.15119071152411148
0.1686264751048678
0.13398354675542393
0.15076002266055677
0.14424704426802643
0.13839121548779915
0.1432616496649706
0.16642742402076735
0.13716923635581602
0.14004723167910504
0.17383109458090762
0.14950117960848655
0.10799540051075433
0.14950384304621217
0.15315768021685014
0.13327514233180235
0.1607172163768326
0.14432464461485775
0.14496417738219378
0.1554114508592464
0.13441875427269487
0.11887662230693688
0.15101558562476408
0.12866512461823656
0.16771787224556367
0.14336126300421032
0.1550494956216156
0.17408711200467292
0.1507028070647455
0.14390249033023084
0.13887480179069736
0.15445131163306108
0.15184114926500702
0.14616319659446222
0.13147384379865998
0.13545916369291933
0.11681082673945463
0.1432298201107094
0.1323622796121413
0.17459510875637765
0.1334891203753496
0.12188952493796178
0.13236393491241008
0.1373627532765715
0.13861899668069594
0.12550188717807562
0.126846432426008
0.12171753019533849
0.12340960594207662
0.13232103531535064
0.1207649507299363
0.13206908458657185
0.12352556622871104
0.13301308796313188
0.12800258240814988
0.11691907115650298
0.13423717596625914
0.1382712672603508
0.1200739739891331
0.10634154470123472
0.14671694811094002
0.13829260237288735
0.1364902675118316
0.13826135439099144
0.11403847682317096
0.12345548997152124
0.1554603873776017
0.12983862891418171
0.12676032351168698
0.1190930083342579
0.1226523486951694
0.138018970061617
0.14716247618018066
0.14322256770102398
0.13797262051229348
0.1427710909292784
0.12822790760582925
0.14012818085480616
0.15025008277237678
0.1394265505375262
0.13129001483773392
0.14932007951946916
0.14025736092734944
0.1511970380913395
0.13225131578377283
0.1645821828749825
0.13275304320517428
0.12160857136729857
0.15359270782547857
0.13006657865009363
0.1394035466725281
0.11406032521391099
0.12479131078327269
0.11577481937031309
0.11659161060222542
0.11896179203427908
0.12780559550338239
0.1138426398746741
0.10702494182644023
0.11438373858760573
0.11293170108553889
0.11872372700550038
0.12465037164393623
0.12072305910183023
0.12443066697172132
0.12158878251829923
0.11896986411546621
0.12802705890992602
0.12210935886402444
0.12914048795108565
0.14151299884625804
0.13696566390650183
0.11538383651941926
0.10862269591135429
0.13290740424933198
0.12107992600787541
0.13937303646307858
0.12260028034466106
0.12608731172471618
0.12546654817327696
0.11245918382530737
0.12427976271733536
0.12298202843496482
0.13411223311158071
0.12655306502376693
0.11769912167215578
0.12562719378763723
0.13215460433578657
0.12955511319069218
0.13314265732398367
0.11501523569961075
0.11725019237161116
0.12153357126305776
0.11524465667109487
0.13536873191728582
0.10402749571339427
0.1060565991509738
0.11211690600549029
0.10659304540303707
0.12130704552728662
0.11211488805933482
0.1094278810974117
0.11196933435836454
0.1091455823377168
0.12244392681503939
0.12526210140433938
0.14333273870995777
0.1372239921411193
0.13191209544895902
0.13045989830030846
0.12431244450624969
0.1462019569002749
0.13631837411860262
0.13541998689226403
0.13359371139354403
0.11709678942557748
0.11912043481993467
0.11520648735308038
0.12091345568593062
0.11092179708954114
0.13128418494342525
0.12969526069445814
0.11596456678147953
0.1333566717700407
0.11756188506068971
0.12169529296476624
0.11731767428649474
0.12150751764190629
0.12517221626805317
0.12160534377463575
0.11392717734287104
0.13146155331984025
0.12400313437311847
0.11634764309008733
0.16401577040861878
0.11969080402787484
0.11722496800313419
0.16346147350389398
0.12346236464750235
0.11243941548317059
0.12142551961168924
0.1178604823144448
0.11940532378609599
0.11604025966186429
0.11419415216906757
0.13460722344819573
0.10937939910076724
0.10749505382898895
0.13629181806504356
0.12382508477739908
0.11724931910988677
0.1352901393348841
0.11491256119505613
0.13690103333490095
0.1854750938477154
0.11356876879559824
0.11788429104745056
0.12053979565201364
0.10980197611317642
0.12442995485195191
0.11362445228957828
0.12505895053817673
0.11441361775781557
0.13641657109301036
0.11892538910408097
0.11993578113199088
0.12902484121729327
0.11824640581097488
0.11764935783555709
0.12205086115940443
0.11159521358379013
0.1268927886027529
0.11483347591868259
0.10836356486259596
0.11707600859110459
0.13322525589480555
0.10757410348976852
0.10951019088956011
0.13871296407488964
0.13644394255138184
0.11913858768005428
0.12777910732620484
0.12304288366934657
0.1210581066426336
0.14227936239611141
0.15956439537809014
0.12474422861290911
0.12196052263882282
0.1164138415709684
0.12203855684176056
0.1167618542597949
0.12558426547849122
0.1221995730654469
0.10542672742028054
0.11579696089728128
0.11573456439235907
0.12319633300149246
0.10931712911667064
0.11837005715674168
0.11878869051297741
0.12058796092406204
0.12250598218415426
0.1199269826655684
0.13170230238271782
0.12521568845645026
0.11252251240907452
0.12230468064020224
0.1155222983095632
0.10756518203685474
0.11872556948230763
0.10934455326401561
0.10969592655366317
0.1101769799580275
0.10546751360319925
0.10382898338392793
0.12381643859426636
0.11100776261094283
0.11490956670453792
0.14563898300286246
0.1409476085701071
0.11844032262785456
0.13052634741325814
0.12352501059620068
0.1240343346969365
0.11910544060762486
0.12494296274117346
0.11284873763828603
0.1102644723764679
0.10891415116408296
0.10870637895642313
0.10488695503402062
0.10918132540665763
0.1236579047440843
0.11557634270442521
0.10879232425680846
0.1089590932802161
0.10825415541379392
0.10478792682045497
0.10416390557551478
0.10957287250483157
0.10239343021775277
0.10366957509919869
0.11031605305744585
0.10058395886178503
0.11546361213331265
0.11439152683459941
0.11903518178838549
0.114369191424777
0.10807062456481811
0.10408833559772919
0.11098901950425835
0.11989333398066745
0.10303922568362424
0.10571004265157662
0.12783579808190787
0.11119407180256714
0.12178751889978849
0.1198785358139958
0.11838961547039609
0.12019408017495928
0.1156843810124153
0.13082845605823068
0.10428771519308436
0.1183792667207513
0.12172360314599553
0.11586164290023701
0.12308639885181863
0.12777590267226996
0.14598662516779054
0.12296858574625613
0.1245976445782938
0.1512593270713432
0.1339906333774473
0.1396235875234384
0.12011528298857367
0.11982719599171829
0.12219209005430215
0.11572889427013901
0.11387680865185358
0.09947472872772148
0.11055486508114394
0.10474025634552946
0.10884903652159236
0.10230082025051165
0.10161429742274757
0.09796497987328795
0.10921902997858217
0.10799319122333828
0.11024326002118676
0.125842881579236
0.1208326702785955
0.10870297905645941
0.11822196800364171
0.11687375873862246
0.13416702551678972
0.1238613347454219
0.11133745732024376
0.1221265077851083
0.10862786616500335
0.10937680666922077
0.11239553983690505
0.1128390296950573
0.10998573543456944
0.11211406583559322
0.11881990541513587
0.11410551024332481
0.11373495790501359
0.11197114101965593
0.11079546737525504
0.10445144835173976
0.11746210655428224
0.11669772445451693
0.11865213199567737
0.12199394746540358
0.13883231419300335
0.1286739359181338
0.13533397100694058
0.15935418305040583
0.12510834141824054
0.12309928481346179
0.10785936206232234
0.10504069368890742
0.11826527436450471
0.10560336562387963
0.11161624567594261
0.1107138364472098
0.1268293546982153
0.13992331963874247
0.11945797207374433
0.13061908026385366
0.11550885613185315
0.1144467171079483
0.11370213141748478
0.11304699888163251
0.13042123941483175
0.11271952795196093
0.13362894162763844
0.11807992359401845
0.1453869743435859
0.14752115814505332
0.13771782898881485
0.11860305640901357
0.12563815990485525
0.13994494123454673
0.11782638180040292
0.11489154367372761
0.12583685117967602
0.11838549844280322
0.13468737804633507
0.14158032036682128
0.11257853003395013
0.12113718433829582
0.11252889571209548
0.10758238173705337
0.11950836543020249
0.10828401010394702
0.1263982907089366
0.12473621924376371
0.11107992100929595
0.10920907666744546
0.11186234013697052
0.10954462742659474
0.11396238040197339
0.11378593233182942
0.11410525382548434
0.1148345100836631
0.12677359383693101
0.12890594469628702
0.11858499023457608
0.1265748400971623
0.12533950507288624
0.12767983671866148
0.11408371791883412
0.12237717421446351
0.18285610875076655
0.1363994208167747
0.12608093156346584
0.1957749300224373
0.13184756342119064
0.11278144789266613
0.1302872990385508
0.12483930951092627
0.1285176252781998
0.11787467097566393
0.12432162653373532
0.12896967686284194
0.11914035584770698
0.11921284837945723
0.11856445363556861
0.11562220186019515
0.11540507562491516
0.13196136617456564
0.12807501627959259
0.1259728790027365
0.12683626814391277
0.11948176533135396
0.12406927740134742
0.12554570827441328
0.12821338167244184
0.10838718820964316
0.11358275989527396
0.11284873891138106
0.11069971000484692
0.11176783443283778
0.11305041375925771
0.10976132425039745
0.1156413730175589
0.120246888330446
0.12239761393505055
0.11585245806357039
0.1207750605568538
0.12266167355641075
0.11800321958866425
0.11774098494720212
0.13319049368091734
0.11076107049593693
0.10949844495230562
0.11122116550153908
0.10788385404184128
0.11250877977016042
0.10988541342109243
0.12518340501323166
0.12392475229505076
0.10579654162629111
0.12598942564596646
0.10625940434735387
0.12042977638853213
0.11555211799684134
0.11397696840982048
0.11653902011411309
0.1220096628645404
0.11354742133198732
0.10871235469530537
0.11246716301867285
0.10298909274913472
0.11384619444289658
0.11601755915107936
0.10873101302054236
0.12340893300572298
0.11887024858873123
0.11752414536763355
0.11665851435267661
0.11074050724221321
0.1347199717170363
0.13001490609139102
0.1455976515009595
0.1366917241636022
0.11074091325791786
0.1591480970880635
0.14867978135004833
0.13816641442746755
0.13322222935543332
0.1680271936159984
0.1674374218726625
0.13322712132609701
0.14637706612461165
0.12127959972613041
0.1234107825377783
0.11466281864096901
0.11831084247974141
0.11373850372083476
0.12425333422376916
0.15471916574106426
0.11890525336284105
0.11412208083124424
0.12488265459035375
0.10805692602915747
0.12087973075618832
0.12494889909109363
0.10976703366739142
0.11469613203283353
0.12371667663892055
0.10307217540829765
0.13665118727263606
0.09787552905443792
0.10670895003994851
0.10410755968778454
0.10930284748520842
0.10850221675307362
0.135320350714122
0.11469217850516232
0.1184255138085275
0.11072199324528452
0.13226945377744312
0.14048464087919005
0.12497160693107567
0.1257453183901997
0.11905304240826392
0.12514949215714913
0.11598831442649762
0.11973639854319622
0.11989898798573725
0.11679720147967133
0.1147076376873447
0.12404269675269142
0.12459840150590643
0.1315271804427309
0.12764660683800566
0.1217633686527081
0.13257329400729667
0.12046317469806736
0.12147260601633215
0.1230641964110304
0.16237401165280346
0.1295707925450954
0.12265245387860592
0.11145508149288033
0.14196278066123713
0.11082102587375635
0.12472279110824952
0.12235651310720999
0.1152089688230762
0.11415078796649444
0.12697443683328496
0.11812240550739848
0.1481656398806891
0.13449586214900477
0.13333584309100818
0.13549670244505352
0.18071695659025075
0.12051562129513935
0.17384458710219625
0.12044499878182884
0.12506750521406396
0.09998680855144007
0.10644839148730605
0.10988609483991903
0.11193402506009799
0.12882897704018986
0.11500334969983306
0.1168796993388835
0.12297179417366996
0.1071740874737783
0.12960482312565982
0.15051720168024132
0.12781509634282145
0.11741933763835502
0.15122766178501126
0.1451374523539883
0.12800786287645685
0.17286668532079152
0.1278474878531305
0.15163587427163594
0.11251286332167423
0.10227409261018522
0.11294123871526617
0.10852144473557224
0.10554069446586047
0.10823308059242939
0.10636299205364676
0.1032484506666981
0.11441366307444961
0.11813727228800776
0.10916204202681933
0.10836248067481817
0.1332540122332037
0.11359310528547528
0.12871915220305186
0.11478346536910151
0.10049939370699768
0.11829192845199991
0.11165086114519895
0.1148501701129625
0.1098549619014522
0.10633487607345238
0.11178792546975358
0.12240495263971507
0.1151013665512833
0.11821463848875981
0.13007666408495
0.11954296067299282
0.12437516851041698
0.1400385130004072
0.124602081607919
0.128994629509519
0.11517993751830977
0.11551701751225536
0.12413391691552098
0.12470508197407465
0.13248778793568033
0.14257790127706416
0.13994005693219302
0.10712726479491029
0.10948207697634015
0.11657269813395282
0.1054824353369533
0.11441005236867388
0.10617380199137472
0.10896872772824258
0.1217922801168735
0.11387771186263954
0.1188222057855372
0.12131240691858847
0.11823226014348347
0.13135633782929393
0.11597420803751954
0.11493935979500905
0.11130104756750411
0.11012034066959504
0.10445876917855479
0.10693328030280913
0.10920154015787639
0.12986343011671175
0.11161278744871952
0.12063694986599101
0.11231601798426452
0.11687925303049167
0.13239166456334933
0.1378845997453376
0.12400688548800685
0.12821908817891509
0.13015395115117764
0.13083424195705357
0.14603743484521772
0.15515676058600467
0.1327150443921271
0.12925373996662423
0.12732924693205064
0.1157567659399103
0.1253192195779443
0.12564584483230357
0.14105931294790658
0.12049616257606366
0.11889693232507781
0.11017520293857172
0.1293548193838816
0.11696046451567184
0.11653491513339283
0.11541190753756782
0.10790103307253388
0.1312289023354465
0.11368445919145774
0.14547183245932688
0.12553359819999937
0.13604192048152938
0.15285374385504089
0.16681557728711918
0.15123643195740177
0.12700279132547318
0.11047222868597006
0.1363839970518004
0.11568497662303028
0.12626282238977346
0.1364661212584463
0.1265378881358395
0.13511820254436172
0.13882265473960714
0.1314532177825229
0.12909029400900596
0.1289317473459268
0.15087661406640165
0.12686628069005443
0.11648346485951885
0.14839062297822808
0.12295477951494431
0.11287811354857397
0.1225367690546544
0.13647924419754995
0.11295727772049996
0.13145913911483886
0.10729821677833314
0.12039646007493507
0.11687892522572287
0.1045716585135581
0.11979188474356386
0.12334410083535405
0.1250594543834034
0.1612907275661351
0.12977023302303203
0.13918791631117594
0.12805440139569438
0.11261184381408501
0.11889219409726766
0.11798128131218706
0.10782532864012384
0.11195432977003818
0.12014065262869877
0.12087718105896832
0.13040063456130552
0.11842401715603663
0.1248991306824175
0.1376017582729618
0.1213053792853836
0.1158527838730801
0.13169294624820324
0.13637681239063174
0.13882497000008723
0.14622106560910159
0.1636309127693081
0.15873471057417488
0.12095894872993332
0.12363800006243768
0.13778186530515918
0.13122958342396723
0.154905467874257
0.13865532519847903
0.13779399808568474
0.12641376254967288
0.14434170614255723
0.12022930452948993
0.1305069237112728
0.13939028631842157
0.13332525872280918
0.1182049389093326
0.12097209049311966
0.12378681792630136
0.11679351964962276
0.11586498006002752
0.13003325319988587
0.11900734444353227
0.10882228651842674
0.12065429437106562
0.11083459508585784
0.12463851523555226
0.11040834434302803
0.11682909319689626
0.12548490335446086
0.12935943536871483
0.13066313581862263
0.11633656153511215
0.11575024913071703
0.11396640705926925
0.11763023068644832
0.11532526913166265
0.13545932181613676
0.1296427632992973
0.11228617263845715
0.1327439867631011
0.12144119864183564
0.1355506788533611
0.11680674742203714
0.11557195925146344
0.12041875079098652
0.11758511728849326
0.10804121430097433
0.1110945239961336
0.10702788769269156
0.10690591288091755
0.10371965847560229
0.10985307351332677
0.11581796188920634
0.10687691172333627
0.12115376269816983
0.10550557265961429
0.11495792290393221
0.0978547710472453
0.10768025504822075
0.12044873631506886
0.11847554230947117
0.11042851758037722
0.11711507759291513
0.11237373059984704
0.11478129259207523
0.11164620198859981
0.1210161107975702
0.13598970828111245
0.12143864486823366
0.11194563419655797
0.13041501687660287
0.11934040105267968
0.12160095249577509
0.12441673014534137
0.11789204998910431
0.11246172257762113
0.10465289639827698
0.10106589629748404
0.1080682649215561
0.11864128955943137
0.10910359661020114
0.10935221868332554
0.10754067876418318
0.11599099502197353
0.11581370552919991
0.10807911310190302
0.11017291073170281
0.1119149855602699
0.11733814895966656
0.13399882870350274
0.12198912845760009
0.11139159346469413
0.11976822225044757
0.11929896489454601
0.12644759620529036
0.10953295211418938
0.12533038539380054
0.12185299220314338
0.12483296549486009
0.11635316726227252
0.10990596108983772
0.11618057271230593
0.10977430630222494
0.1107217357803655
0.10866874858493729
0.10616683682099966
0.10957102442816676
0.10738763424849963
0.11075172340541918
0.11537046156406745
0.10883630500116813
0.11233205502474852
0.12071202263540069
0.12740973192195978
0.12642060541119982
0.14722037608397406
0.11984589036529233
0.11714438604519431
0.10817723335220598
0.10531520696792586
0.10852979064146928
0.11395022666155491
0.10549808707575777
0.11191719375546524
0.1097447667405954
0.1119423059862726
0.10574945217096016
0.11548624357666251
0.10810294992595375
0.11134095011868991
0.11222498449712684
0.12675709521101577
0.1181096537558343
0.13583348146401605
0.13911701098261609
0.11802931396378562
0.12452354336914147
0.12711175039147016
0.12063533006779865
0.10766073530389933
0.11872150851669312
0.11181292957505791
0.11044591157386706
0.11579578618831138
0.12030129127912442
0.11708677393640644
0.11757619134928894
0.10894030300338044
0.11608995869633668
0.12331871672361104
0.12662558576617514
0.13911310206490352
0.12974806151516102
0.14977525061805314
0.13394143485958254
0.15263164488640577
0.12609243782752722
0.12341477821607737
0.12440414908356184
0.11392018466712911
0.10962655734102947
0.10899670868362865
0.11519374561106166
0.11059686742549632
0.11559081027172351
0.10986082654696068
0.11060214816125596
0.11546148971061723
0.11179893698461149
0.11712542621792191
0.1123729658824134
0.11670532346930422
0.1267914132162681
0.11994917624399823
0.13153030322131765
0.12416317353636261
0.12162841687226864
0.13554033291257708
0.12970000804016749
0.1181286585447215
0.12297190847652166
0.12545107600864142
0.12603483321534298
0.1136634831333419
0.11386624543420941
0.11643769204902303
0.11416445509963874
0.11989738549973983
0.1275920021651582
0.11348549288562605
0.10964289386985827
0.11879466320890139
0.11444139344526912
0.10956648966058487
0.12002904913638604
0.12665090072081878
0.12383436432281135
0.11427327284707532
0.16140026018841214
0.12356776877114521
0.14217680129017757
0.13598842833040273
0.12898213314659854
0.11250410469577826
0.10476320820261055
0.10838309334922688
0.1102806197432058
0.11223761957284321
0.11160494771378832
0.12057410438050033
0.10493870143336768
0.10913133139440134
0.11485331383547363
0.1093634917907487
0.12561721601785872
0.12153438348966118
0.11700176560634352
0.1328423617228555
0.11229893346289428
0.12644647286704996
0.13836463695252474
0.1324172898257235
0.13143787336170532
0.13899408343549619
0.13382225358932334
0.12519374170839148
0.122828032775982
0.10951199391972327
0.11317658403724057
0.11073267597376425
0.11425506381883627
0.11343285919770876
0.12592947832613854
0.12631036221647202
0.12691068855452636
0.11075309964349143
0.12625925937151472
0.11486309531671246
0.11762106144974081
0.11718338750608243
0.11340425414800226
0.10729323252139496
0.12353966202688416
0.13133734387526208
0.1307053912457838
0.11984511740832482
0.14650277123977828
0.11900060255759552
0.11993615585212208
0.12594601076848114
0.12319963483804992
0.13252635519373654
0.13086246806988155
0.12580915746404384
0.13580697707859482
0.12619708207694552
0.18672014867147718
0.14010045518020117
0.11766708305514564
0.1236381685352925
0.12503821868003412
0.12259062622803024
0.16396803955519962
0.14306377234106915
0.1635209493190398
0.129863896575703
0.11601655385014886
0.12450215163533912
0.12947685606870854
0.12561967861338516
0.14245310684607643
0.13885006571768885
0.1156355543992799
0.11000721002894968
0.1305292501914315
0.1135258668845909
0.11689142978934158
0.1239118028859431
0.11528783060105287
0.12572580892032933
0.11250011882653986
0.11317561461593417
0.10383813814111725
0.11290684285503899
0.11201964618043231
0.11355391407389838
0.10431362543480976
0.10496473043620999
0.1088393581366782
0.10986679756531534
0.12038239600612696
0.12061748103909918
0.13797437609384758
0.13787015610569825
0.15733957698088055
0.13184364926324518
0.14676461151524556
0.17788051484792738
0.13668265665726412
0.11570111622222432
0.13050935818814424
0.11546648330634043
0.11591106485035037
0.12377171800004297
0.116563945166325
0.11288314799500526
0.11855790067187094
0.11558484939610013
0.11728693018264612
0.11459318964828662
0.12030750129692243
0.10822637448743214
0.1316425829693707
0.12066808953030178
0.11482555407720178
0.11558737885943844
0.1260547836962435
0.11023043366658139
0.1279469357430666
0.12383857728913888
0.14199907489150865
0.16399523359587587
0.12127117754826468
0.11984685780541064
0.12533591951262035
0.11091777074398851
0.11871845593155202
0.10929392898339596
0.11638129243091676
0.10873719842387068
0.12377721287781215
0.11135497860936676
0.11400518804377857
0.11618453138263536
0.11274338424056451
0.10943325742393496
0.11932441850308749
0.11725173334175218
0.11600930902190912
0.11467266769986317
0.11410044386767373
0.1125772003663437
0.10808820580474093
0.11464850210974295
0.12360077216353213
0.11595597913579483
0.12728321982235588
0.12271643849919898
0.10931063636370791
0.11594504799785026
0.11827012214873352
0.12529869914768088
0.11257044579459362
0.138736939204037
0.13945971172209667
0.1201175477389612
0.12642784136179222
0.09935668877104799
0.0991417907593931
0.10456591902113936
0.1063401521503681
0.09986236359526841
0.10425786338222777
0.10504378799666153
0.10291270444739559
0.1122055194172438
0.10305667656670482
0.10757786247003323
0.10970226764115841
0.11671894512310037
0.10533675933850867
0.11880912257976932
0.1355120633335295
0.13053188100255253
0.11685030476424595
0.10930554274715013
0.1159998753062035
0.10910960764683068
0.11337993951735093
0.10816138226142047
0.10530295668106056
0.10952547553732916
0.1091437426837215
0.11057045569853836
0.11445099751366396
0.11015253391192784
0.11466241689987682
0.11146090049027824
0.11145747181347537
0.1162821477567793
0.12287052333631504
0.11626410309611908
0.12060411122054585
0.1288146043559183
0.11903991959157298
0.1480092591402091
0.11996367291863895
0.13899871929984353
0.1462847335316772
0.12992216530431536
0.11687930165898265
0.10716257393656342
0.1036493062639953
0.10640180065816257
0.11078604598750538
0.10720163772460094
0.10463649246178829
0.118796910020531
0.10564028695200765
0.11055472036443163
0.11388541745950446
0.10679148226461573
0.11695009868356349
0.1096838275193678
0.10145116056546863
0.10993847511930911
0.12092345346707736
0.1091908990774503
0.11964475021113594
0.1168240741913111
0.11579487806773966
0.10742590974061268
0.11193137871091248
0.10959560437158726
0.11941151475404704
0.11605961658713002
0.11438830548946129
0.11182482659592143
0.11054864398315828
0.11001742318658543
0.11547919868633819
0.11211202815515615
0.11542180594523764
0.1124273613710283
0.11966156582472025
0.1332580425161515
0.12472644540007587
0.1155647326165067
0.1159383912353155
0.14381412289966278
0.10953308817677843
0.12969351191573147
0.11150224635460385
0.11344680709085285
0.11539152646354502
0.11452430274731906
0.12087767225134684
0.11017649292279416
0.12685988510691493
0.1136856567318111
0.12111771881593748
0.11168150573873402
0.120570325952575
0.12408076811509434
0.1050039559594585
0.10403755984952157
0.10543399043885864
0.11392459236992623
0.10507626193634637
0.1087841555422352
0.11395267480009798
0.11720517868711151
0.11166315126820564
0.11642148592603577
0.10090165198781798
0.12284224972740145
0.12078860698526549
0.11274215299250417
0.12812653968178447
0.10947739522423519
0.1125984976537307
0.11558385974238507
0.10934948154188409
0.1199352109812446
0.11491592527734557
0.11607788355087532
0.12383307862432733
0.12291674509609182
0.11397529450650082
0.11547659826877252
0.11439695147992567
0.11746011898720199
0.10296063409847529
0.11409071936787885
0.12083075947893944
0.11954406898516583
0.11267824514170148
0.1131628310338089
0.11376655398298
0.10947504279653149
0.11652026571523459
0.09889027687125895
0.11009174840410084
0.10323091025589881
0.11187224588392165
0.11748224917056305
0.11155893088580889
0.1078575296681173
0.10590374976325599
0.11650542699284316
0.11538896707215608
0.1041035061523859
0.10613225427097445
0.10939921767336899
0.1140807704426614
0.10581798944146607
0.10215399505193878
0.09815291269467603
0.11789883670657457
0.11167428007166191
0.11212647200665739
0.11371503123616401
0.11142237117271396
0.10656953416418972
0.10632928669987317
0.11580197462223994
0.10905837349015053
0.1139182217305156
0.11293487585518916
0.1111767726435499
0.10513250017663404
0.10963485689705219
0.12564737638659024
0.12231760573174347
0.13174423977220723
0.11569660957046973
0.13180857939258817
0.13138633309699468
0.12545009030350412
0.126560604325504
0.12681739219121105
0.12262899735624816
0.12066032244971406
0.1300872377564158
0.11282622571345688
0.12988761754620345
0.127710760830183
0.12142174776582643
0.12408279470616675
0.11443457545299218
0.12141373110402884
0.14305195849010477
0.14459460428867116
0.11854399653150863
0.13857934241329867
0.11311980926939577
0.11067715683655652
0.11185889548858766
0.11060121343193283
0.11102482835570834
0.10558505189527558
0.1049503342580159
0.10339027701359739
0.12535555156748257
0.12773264687648947
0.1234818220025086
0.12289917366437418
0.16235408114654953
0.12124392734599401
0.1516921320736881
0.11719531332305799
0.11964421619939761
0.13390372960577465
0.13847404185535156
0.1372373480825659
0.1365227634758972
0.1406088478122887
0.12893665260654383
0.1251931599871541
0.12989226329695613
0.11504793913422127
0.12810035654040097
0.12754204119698367
0.11359765984585128
0.11493966762254762
0.12518453281517827
0.12548073994528888
0.1411792526576737
0.11088681922192702
0.14847146665135028
0.1101614730583903
0.12669965372252026
0.11400651013515799
0.12613589716404702
0.11406151088207284
0.11635751145006792
0.1647049551838095
0.11771562916148719
0.1322918309498585
0.12891996629553062
0.1534022798004757
0.1097232522616467
0.11775329734708011
0.12228275398633243
0.11460735315963361
0.11064647115641378
0.11027205080218432
0.11108219872397088
0.11637996402899982
0.10594826988604973
0.11356257350629553
0.11198858150933827
0.10743452823497812
0.10763993142058176
0.10768888864645226
0.10245608177899149
0.11046110956813857
0.10821985633055554
0.10799783995289784
0.12933055552488948
0.11391627292871528
0.11679736802617469
0.11671238244827574
0.11227199371182758
0.12344177166436505
0.1108345954383805
0.11126998611740566
0.11720167531648858
0.11095543181968173
0.11151084156556378
0.10678815106360764
0.10781033397742103
0.09968892893382762
0.11049876769306996
0.1124285091384858
0.1024878020772167
0.1159370784317681
0.09562141373842963
0.10169763470760111
0.1015837661422681
0.11375374529558381
0.12019041698568508
0.11986535734035929
0.12281111363712578
0.11761793098705313
0.11459469433749228
0.1302735272542416
0.10950806762021549
0.11315919793845955
0.10934990199246457
0.10863459907930555
0.11088230606142875
0.11809555143975525
0.12229175326476312
0.1143219866893305
0.11878172742598393
0.13286377310383704
0.11482073915708144
0.11659876631230713
0.12147273530915678
0.11846053446617898
0.11838235438866614
0.11478793323333078
0.11532180386106365
0.10488876394942712
0.11098853132788003
0.11143051285269795
0.10397412166875805
0.1022760191377969
0.111595003658488
0.10779768398896666
0.10970757438100358
0.11252278007222116
0.11176121896382397
0.11102778779863119
0.11360984257534794
0.10740865569765427
0.10140291784029976
0.10955503371972929
0.11380924761576863
0.11835880419188871
0.11573310300347213
0.11192485672579765
0.11211480741795322
0.10796087934983307
0.10030288186673114
0.10853880939245382
0.10027288099647008
0.09789004579714461
0.10707669727131124
0.10626078411590163
0.11188587994994953
0.10220708825189288
0.10031459516355648
0.10248354562330511
0.11129660541650399
0.11043986418146896
0.11772593931569747
0.11403254069551784
0.11618047819824145
0.10695082614364938
0.11145062402862194
0.11932815742987428
0.11784705730371568
0.11529878923714827
0.12015903187001764
0.11434881148164916
0.11436337231652559
0.11153439049152497
0.11670580625356791
0.12063149956835907
0.11381821230485355
0.10982898930606999
0.1091478193557685
0.11443211163168657
0.11962160689748454
0.11971871347215107
0.11483022180730906
0.1158319058002017
0.11752258955434312
0.11558147721024173
0.12472340963267377
0.12447848130439941
0.13631701611116342
0.12596021478565694
0.11852501519510858
0.11774933844621471
0.1150920913997768
0.11068508248244935
0.10496579671827533
0.1034233704626641
0.10485253754729033
0.11197401036567348
0.10867928599433596
0.10697665053461147
0.11092810291654985
0.11665070268423879
0.11005201275268438
0.09814734961112898
0.10513513817206918
0.10637162586860226
0.11046301203113633
0.1046498856883925
0.10520969235922675
0.10995624299238588
0.10975132759788593
0.10955319802608192
0.10142544886497531
0.1065628773015367
0.10694300797945362
0.11518038686139312
0.10409091221845239
0.11777075019269673
0.11293749720632998
0.11288746521484212
0.10683335149943377
0.1301894754948989
0.11935926301833626
0.11421950888471086
0.11563049174790149
0.10884104632788565
0.11599405581837302
0.10650451102472877
0.11251866296126611
0.11031089241053238
0.11338068616712561
0.10937872224267357
0.11875949541339208
0.1167427490098956
0.11085895813952049
0.10980113551755083
0.11156723918532631
0.11391941091895297
0.11260487892809382
0.11363262999608303
0.1216254256860096
0.1177109989699689
0.11830313995199994
0.11162794033701268
0.11419654818841395
0.11354453051557885
0.11648311455485015
0.1145636146219865
0.12046854825516629
0.10445541017156494
0.11147508489026248
0.115698342711893
0.12020326185632914
0.11217320227676728
0.112618740180918
0.11184641287351335
