0.5438251802375652
0.6055486514031296
0.639856600315237
0.7091853269690125
0.772201216749809
0.8622081883622301
0.8782383025950179
0.922215936530118
0.8290602546269965
0.8094754969370014
0.7610881875172649
0.8005460924911846
0.8271406858842073
0.744722231487951
0.8279106836093013
0.906300849189971
0.9685864735704652
0.8545088828585822
1.0071860506004127
0.8899023364911199
0.8928382023366535
0.8718013548691117
0.770117608098666
0.7230804188752216
0.8306675161274598
0.8319358666580003
0.9785828238085178
1.2009648081766626
1.2598412193497017
1.6003739281129656
1.453989094424855
1.5596919507320324
1.6724748180887539
1.4789334646820818
1.3741674225313205
1.4451219578817376
1.3792650285175734
1.1498790341398417
1.0651184490014787
0.9737783193318276
0.8309031075218147
0.725728523829642
0.7785168005069791
0.8063590949123349
0.6851289882354853
0.7190459481158903
0.8208475057278888
0.8561403605726263
0.7868169569880241
0.8067125420288913
0.7423817804553062
0.7967314093043661
0.7385108466388263
0.7780363627500365
0.7395402574381308
0.6891094209388862
0.6717936059050064
0.7120299257080646
0.7796274795664678
0.7986787005248533
0.7637619106611853
0.8387194244487414
0.7373679755122603
0.7809300602850133
0.6808356157521004
0.6281073411546776
0.5710598364342471
0.5366245531271835
0.6059299054613998
0.7287053568352806
0.8283685461724705
0.9260343208592646
0.9765519557693244
0.9326335137550578
1.0371739807607938
1.3402768603045125
1.221268602720138
1.6796592733299753
1.7944140962935278
1.783505750637786
1.7967293445020391
1.7208589715799223
1.564236634276336
1.772352821046132
1.672768109552981
1.5697631003721098
1.4158975543133847
1.2264572520758517
1.2376183404559564
1.1103664452966315
1.0835246412960464
1.0538074742041892
1.0316652335841148
1.094353244991144
1.1066369383012953
1.1153466597877837
1.0828890307274825
1.0811467693082664
1.1341459807282948
1.1170035527534488
1.1438572329016425
1.2341341286296938
1.2626168785037615
1.1480256222680818
1.0980573669586131
1.0090298817048797
0.8984649932565282
0.8096841430915975
0.6720440028598821
0.649442421913846
0.73413698254822
0.6715494304609935
0.6579022985651842
0.7350388617344534
0.650419864919322
0.556692315854471
0.6045548323231668
0.6751718555109602
0.6341212471198063
0.6162083863440634
0.6895655050129182
0.6169355937505079
0.5929051817000048
0.6534986089111323
0.6441528124827351
0.6942368371817162
0.5876907220389659
0.5445338686241693
0.5200154029671276
0.5170796593490519
0.538074778521636
0.5413024917209663
0.544518708340781
0.555490131587072
0.5789112683901789
0.5788461053769033
0.5891031119578817
0.6114415473749207
0.6274061430428495
0.7350346340000974
0.693185393380023
0.6916944892348189
0.6805927772379389
0.6689798701516063
0.6375793758632458
0.6643822230545489
0.7008550174355309
0.8125932196421896
0.7613921661493965
0.7192945576932452
0.7047716563104274
0.6810319134560701
0.68085333527242
0.7283699159584667
0.82778865260558
0.7812925698314945
0.7935944115305245
0.709342727222502
0.6285184892998165
0.6200392082514098
0.5928061984043157
0.5543854825725939
0.6528581840886564
0.7211162687151655
0.8741244838400417
0.8902699081912873
0.8602878659755284
0.7877198124827348
0.7320258866121774
0.6195496771258187
0.6445725233421621
0.6483395934905185
0.6688263317788141
0.6843274610584813
0.6909317872475261
0.6477499467021985
0.6646184146178968
0.7130799033164883
0.7181665579044864
0.6832978595732926
0.730207960871614
0.7232423281064657
0.676452283924538
0.6943878892283193
0.6686472236720236
0.6842246454883736
0.6132201310183455
0.6226643508067793
0.6018357591199364
0.6302229644952146
0.611131006207244
0.5708635173949074
0.580718162590793
0.6079563181618758
0.6360106129409662
0.64293964048358
0.6289262683251818
0.6489295208560147
0.6739669590679385
0.6379262665865034
0.655191512390114
0.703416715685478
0.7049226993711509
0.7125029380413057
0.6730340524690855
0.6995480602200158
0.6205678951430753
0.5996904583773419
0.5902288056905154
0.6118189308591019
0.6104488111177914
0.6651942035391041
0.6876825879169983
0.7158471317495654
0.7623095427438619
0.8587984998618806
0.7785775580507304
0.7583780735282171
0.7074218906095123
0.6883096765733412
0.68663210157456
0.6755821565947904
0.7015272866381762
0.7046008941518662
0.7525429391625096
0.7724106798719554
0.7691828304707431
0.738092686014202
0.7205509934840186
0.6861576498269447
0.6635594028696318
0.66319310108708
0.7483299226856892
0.6751391559123184
0.7223807691782713
0.694481875806373
0.7418304546562455
0.7896490830503241
0.8449334589948165
0.9548368512048879
0.9470216629564031
0.7609028914057294
0.7511292478185276
0.7226714210526316
0.6452526749971563
0.8734862457548626
0.7768414655270472
0.7878993560390635
0.7669137482328855
0.7369268749451585
0.6982982348028144
0.7185765446450333
0.7153276571716416
0.7369783099722138
0.6781097426268669
0.6372370956923026
0.6104920675809624
0.600968233649112
0.5906373170406721
0.6167798851984855
0.5887146410523065
0.6904138949480835
0.6354796678637006
0.6401871770364472
0.5796383335499911
0.5481223797630848
0.5655085583107197
0.612317240603825
0.6091723397897338
0.5716177502640516
0.5383093120683772
0.5039329614728391
0.5161172821208626
0.48978046053850277
0.5185042513283826
0.5398522424887474
0.596686705529647
0.5850999271867534
0.6194946959425421
0.6293785406964462
0.6080057627110382
0.6279907955346841
0.6810519893241903
0.6224020562714286
0.5815413964023984
0.5986011537511577
0.5947577561138102
0.5739876886953413
0.5836151868347931
0.59612190448644
0.6423041126403536
0.6325106558879445
0.6594224216213581
0.6757888587770755
0.6536877381258023
0.6477237991907835
0.6190694408930633
0.6297717994507727
0.631313658520336
0.5948130042085764
0.6535754011634519
0.6511451757202515
0.6502065477161568
0.6595548244422418
0.6337584372207146
0.6041005121951218
0.6137406911327408
0.6453703772444386
0.6571678376854455
0.6358856813993922
0.5658910345298256
0.5399150630311499
0.5637838822898555
0.5891432163760746
0.6907758037243463
0.6854684293072912
0.7011979733998471
0.6947603128320958
0.6370275994702718
0.6206384118717602
0.6247143204042834
0.6346703996035163
0.6399327117206416
0.632119764969695
0.5978573106546856
0.5436416177345186
0.528475496823256
0.546302076241855
0.5554581922133214
0.5558422946328464
0.5444256342925855
0.5529572120537528
0.5487731329520158
0.5224356337401082
0.5532645164524462
0.5818769737898312
0.5890859369038527
0.6070477329585154
0.621510240262589
0.6487275030629988
0.6675289140085471
0.7082504075006907
0.652076082595343
0.6162749713361825
0.6055462076989325
0.6018730876163859
0.6050664593848004
0.6503815525584569
0.6674454853674786
0.6869762509871468
0.6816547087145155
0.6821357681870622
0.6695610196291902
0.6893599233031638
0.6798380696933751
0.7604421418241497
0.7293156250304674
0.7095936494369608
0.7074916215206124
0.7199304735379666
0.6971366896215532
0.6777540997058872
0.6776729963439008
0.7385796777757917
0.7438723581027282
0.7707374607172456
0.7423253188930956
0.7646804881298647
0.7558024508864011
0.7103842794559725
0.6842579585154611
0.73030063466632
0.7484945244633658
0.7664500181992492
0.701919510521441
0.682638548577371
0.6704735593181782
0.6770871340894689
0.6893287807477941
0.7185765618043254
0.6934864850099932
0.6985223045936854
0.7028682420662646
0.6382167919435825
0.6402927580312312
0.6375953151395005
0.6621310235777773
0.6901127885474724
0.736701555223347
0.7531056830405747
0.719435043466957
0.7083025584407142
0.676938520579776
0.6424623004013585
0.6060354759103688
0.6163007562600542
0.6093890413545443
0.6478567670496093
0.624783225621943
0.6168314302172535
0.6134490138606782
0.6027658550722281
0.5885786083261565
0.6359427758892445
0.6887221917420907
0.6934897665783787
0.6704298247672283
0.6968625655579208
0.6606432618254495
0.6666343927625485
0.6756712319104339
0.7307410124957346
0.7949415821972344
0.8269224255374465
0.7668672808371655
0.7229605768187064
0.6899339049901692
0.6572226056612664
0.6457710914837262
0.6421438372142148
0.6796026780032826
0.6726109815082627
0.7038147133293251
0.6547631354381632
0.634409230399246
0.5828364068994655
0.5581446148096392
0.5842199811832764
0.640434230350498
0.7080147612160999
0.7693153268552673
0.7450579685087991
0.6715068496449521
0.6159564539737736
0.5824359540793942
0.6009648629044053
0.6407905842771486
0.7188483448595246
0.7032301959181684
0.7376717508652768
0.7063381663768871
0.7518017087957622
0.6808781752165225
0.6692124941421166
0.6045792985326854
0.5986674501064332
0.564922652410588
0.633252504411693
0.6867951826099675
0.7012482401975917
0.6850691729091174
0.6653603597439105
0.654399467249476
0.6341791132903266
0.6362120697421232
0.6462400926374287
0.6264657487853625
0.5954981784176403
0.6218568478412765
0.6455531555223347
0.6444642098275946
0.709661113989048
0.7112354848312508
0.7092208199411775
0.6947240963422758
0.643167412797972
0.6498314315009505
0.6578632819096212
0.6942988685591719
0.6776275946929688
0.6489981733965973
0.665723249719699
0.6736125843746444
0.7312547227539363
0.6642829277392306
0.6147346666612502
0.5760803499130659
0.5724323274239939
0.5766870678084528
0.5691591509887717
0.5865304849287467
0.5634059557368258
0.6012976404835799
0.608752440746819
0.6558326726085049
0.7254233776831707
0.7562584897872963
0.6998112977202191
0.6186372388163988
0.6211418608732391
0.5796493071448303
0.6303008790887376
0.6317525145350253
0.6403253971336184
0.5843983582977202
0.5841746009002129
0.5945315755837572
0.61727761648332
0.6253608781462766
0.6396285224321997
0.60982875102777
0.621668041257048
0.6074249218082255
0.6155681485676215
0.6100582881656131
0.6437266953250678
0.6352643456394923
0.6102009345639492
0.607506734567199
0.6302721382655465
0.6919707296436522
0.7203826644025934
0.762102552119725
0.718783959636665
0.6916634751791488
0.6287793020750394
0.5763944834825564
0.5958742745486748
0.6099538170162979
0.6597517645147138
0.6735306524430865
0.6586315994540226
0.6896229290391772
0.6760689643327213
0.669574354251637
0.6379220675809624
0.6573309948489623
0.6587014430217253
0.6606293352886694
0.6813765265595295
0.6562161971856162
0.6221961239011393
0.6728871743715572
0.6517147225426952
0.7056936655075479
0.7833678206398987
0.8015812342990853
0.8386092081701629
0.799302319591817
0.7384717037422208
0.68941262860532
0.6683162693813879
0.6300689781284022
0.6370153467119483
0.6452865106026878
0.6684781100079621
0.6609759149672576
0.6126419462634666
0.555098362278806
0.5594643913001087
0.5169305876895078
0.5150186628914057
0.5169154595635429
0.539531955493086
0.5370010753968899
0.512354636291253
0.5799173754895113
0.581441972749874
0.6904866346500707
0.6955055322467948
0.6883928799824509
0.7283516793844754
0.7452014748704117
0.7568419967501341
0.7961903899839131
0.6459585353829155
0.6425747731918559
0.603278483612551
0.7186002648640745
0.8642345909231246
0.9705665076940577
1.0489456581791001
0.9484764344095807
0.8546298384816627
0.931892562519296
1.1647674815163875
1.4167605866008024
1.3553721531986807
1.140224646495832
0.9292221959344178
0.776640830665735
0.6690933515055003
0.6621969636015015
0.6915628080629173
0.6715218234185341
0.6317743639687364
0.6458805370565964
0.6305344447441541
0.7129601693180154
0.6735904163403258
0.6867086028013846
0.6817013540403958
0.6914511695130074
0.6840363236541492
0.6645795929542908
0.6449570746494206
0.6547267021660357
0.6565103252628328
0.6835771131765814
0.7631593731008596
0.8503677233064136
0.9787020417282787
0.8788365465299557
0.7200903048374254
0.6400162927966722
0.6133359790708635
