-1.6403601694915264
-1.6091101694915266
-1.5466101694915266
-1.4841101694915266
-1.4216101694915266
-1.3591101694915266
-1.2987051653821713
-1.2416853396808671
-1.188050692387614
-1.1357062276117675
-1.0833617628359211
-1.0310172980600747
-0.9786728332842283
-0.9263283685083818
-0.8739839037325353
-0.8216394389566889
-0.7716777666554752
-0.7256537445981096
-0.6835673727845921
-0.6430358587402898
-0.6025043446959876
-0.5619728306516852
-0.521441316607383
-0.48090980256308075
-0.4403782885187785
-0.39984677447447625
-0.36443647937679513
-0.33792715638140236
-0.3203188054882978
-0.30649020775086017
-0.2926616100134226
-0.278833012275985
-0.26500441453854745
-0.25117581680110984
-0.2373472190636723
-0.23163159897806218
-0.23524718553836332
-0.24819397874457563
-0.2623590009448717
-0.2765240231451678
-0.2906890453454638
-0.30485406754575983
-0.3190190897460559
-0.33318411194635206
-0.35452812623262603
-0.38816370108649995
-0.4340908365079736
-0.48513054041106907
-0.5361702443141644
-0.58720994821726
-0.6382496521203556
-0.6892893560234512
-0.7413988468501854
-0.8077482453251087
-0.8883375514482209
-0.9820969782958833
-1.0758564051435455
-1.1696158319912076
-1.263382556671021
-1.3651148651439202
-1.4748127574099044
-1.5924689356368222
-1.7101251138637403
-1.8279688547858994
-1.958607888324008
-2.102042214478066
-2.2580842705528315
-2.4141263266275974
-2.5701683827023625
-2.726210438777128
-2.8879308538760466
-3.056047480404134
-3.23056031836139
-3.4095234896386883
-3.595438884326829
-3.7883065024258116
-3.9940974068600372
-4.221156219127067
-4.37277872562657
-2.3398633254239027
0.7884255165821189
3.8609763240919306
4.7783910400103204
4.641398493229477
4.5044059464486335
4.3674133996677895
4.2304208528869465
4.09320555119744
3.955229257386477
3.8164919714540573
3.677216448308845
3.5384934898682125
3.400582273520515
3.2634827992657525
3.1266425023993434
2.9908212517764294
2.856980925418476
2.7251215233254835
2.594223999253956
2.463326475182429
2.3324289511109018
2.201531427039375
2.0706339029678476
1.9408303430798048
1.8168232002125013
1.6986124743659377
1.5851042013566305
1.4715959283473232
1.3580876553380161
1.2445793823287088
1.1328804909890602
1.0245064146198366
0.9194571532210388
0.8159233251230072
0.7123894970249754
0.608855668926943
0.5053218408289105
0.4062277719332698
0.31201878082937357
0.22269486751722192
0.13381627279442304
0.04493767807162414
-0.04394091665117475
-0.13281951137397366
-0.21980872000170448
-0.29648660401560306
-0.3628531634156693
-0.4207977842969714
-0.47874240517827343
-0.5366870260595755
-0.5946316469408776
-0.6525762678221797
-0.7105208887034816
-0.7684655095847837
-0.8264101304660857
-0.8843547513473878
-0.9345295251076261
-0.9726405888641074
-0.9986879426168321
-1.0204414334868641
-1.0421949243568962
-1.0639484152269285
-1.0857019060969606
-1.1074553969669927
-1.129208887837025
-1.150962378707057
-1.1727158695770892
-1.184795184110099
-1.1870243461507022
-1.1794033556988983
-1.1716063890917099
-1.1638094224845215
-1.156012455877333
-1.1482154892701446
-1.1404185226629564
-1.132621556055768
-1.1170232175400432
-1.0935984107907089
-1.0623471358077647
-1.0310707644997479
-0.9997943931917308
-0.9685180218837139
-0.9372416505756974
-0.9059652792676808
-0.8729144151426373
-0.8341669071652867
-0.7897227553356289
-0.7413564524706905
-0.6929901496057521
-0.6446238467408136
-0.5962575438758752
-0.5478912410109368
-0.4995249381459983
-0.4468380273005446
-0.3894398840767372
-0.3273305084745757
-0.2648305084745754
-0.20233050847457512
-0.13983050847457484
-0.07733050847457455
-0.014652853013209179
0.05026654737393618
0.11742769268686153
0.18665292746420173
0.255878162241542
0.3251033970188822
0.3943286317962224
0.46355386657356207
0.5340300277901932
0.6069185321313586
0.682219379597059
0.7586816437480026
0.8351439078989461
0.9116061720498895
0.9880684362008331
1.064804770534401
1.1427073723312615
1.2217762415914148
1.301737308132236
1.3816983746730573
1.421678907943468
