129.000000 -27.500000 nan
129.250000 -27.500000 nan
129.500000 -27.500000 nan
129.750000 -27.500000 nan
130.000000 -27.500000 nan
130.250000 -27.500000 nan
130.500000 -27.500000 nan
130.750000 -27.500000 nan
131.000000 -27.500000 nan
131.250000 -27.500000 nan
131.500000 -27.500000 nan
131.750000 -27.500000 nan
132.000000 -27.500000 nan
132.250000 -27.500000 nan
132.500000 -27.500000 nan
132.750000 -27.500000 nan
133.000000 -27.500000 nan
133.250000 -27.500000 nan
133.500000 -27.500000 nan
133.750000 -27.500000 nan
134.000000 -27.500000 nan
134.250000 -27.500000 nan
134.500000 -27.500000 nan
134.750000 -27.500000 nan
135.000000 -27.500000 nan
135.250000 -27.500000 nan
135.500000 -27.500000 nan
135.750000 -27.500000 nan
136.000000 -27.500000 nan
136.250000 -27.500000 nan
136.500000 -27.500000 nan
136.750000 -27.500000 nan
137.000000 -27.500000 nan
137.250000 -27.500000 nan
137.500000 -27.500000 nan
137.750000 -27.500000 nan
138.000000 -27.500000 nan
138.250000 -27.500000 nan
138.500000 -27.500000 nan
138.750000 -27.500000 nan
139.000000 -27.500000 nan
139.250000 -27.500000 nan
139.500000 -27.500000 nan
139.750000 -27.500000 nan
140.000000 -27.500000 nan
140.250000 -27.500000 nan
140.500000 -27.500000 nan
140.750000 -27.500000 nan
141.000000 -27.500000 nan
141.250000 -27.500000 nan
141.500000 -27.500000 nan
141.750000 -27.500000 nan
142.000000 -27.500000 nan
142.250000 -27.500000 nan
142.500000 -27.500000 nan
142.750000 -27.500000 nan
143.000000 -27.500000 nan
143.250000 -27.500000 nan
143.500000 -27.500000 nan
143.750000 -27.500000 nan
144.000000 -27.500000 nan
144.250000 -27.500000 nan
144.500000 -27.500000 nan
144.750000 -27.500000 nan
145.000000 -27.500000 nan
145.250000 -27.500000 nan
145.500000 -27.500000 nan
145.750000 -27.500000 nan
146.000000 -27.500000 nan
146.250000 -27.500000 nan
146.500000 -27.500000 nan
129.000000 -27.250000 nan
129.250000 -27.250000 nan
129.500000 -27.250000 nan
129.750000 -27.250000 nan
130.000000 -27.250000 nan
130.250000 -27.250000 nan
130.500000 -27.250000 nan
130.750000 -27.250000 nan
131.000000 -27.250000 nan
131.250000 -27.250000 nan
131.500000 -27.250000 nan
131.750000 -27.250000 nan
132.000000 -27.250000 nan
132.250000 -27.250000 nan
132.500000 -27.250000 nan
132.750000 -27.250000 nan
133.000000 -27.250000 nan
133.250000 -27.250000 nan
133.500000 -27.250000 nan
133.750000 -27.250000 nan
134.000000 -27.250000 nan
134.250000 -27.250000 nan
134.500000 -27.250000 nan
134.750000 -27.250000 nan
135.000000 -27.250000 nan
135.250000 -27.250000 nan
135.500000 -27.250000 nan
135.750000 -27.250000 nan
136.000000 -27.250000 nan
136.250000 -27.250000 nan
136.500000 -27.250000 nan
136.750000 -27.250000 nan
137.000000 -27.250000 nan
137.250000 -27.250000 nan
137.500000 -27.250000 nan
137.750000 -27.250000 nan
138.000000 -27.250000 nan
138.250000 -27.250000 nan
138.500000 -27.250000 nan
138.750000 -27.250000 nan
139.000000 -27.250000 nan
139.250000 -27.250000 nan
139.500000 -27.250000 nan
139.750000 -27.250000 nan
140.000000 -27.250000 nan
140.250000 -27.250000 nan
140.500000 -27.250000 nan
140.750000 -27.250000 nan
141.000000 -27.250000 nan
141.250000 -27.250000 nan
141.500000 -27.250000 nan
141.750000 -27.250000 nan
142.000000 -27.250000 nan
142.250000 -27.250000 nan
142.500000 -27.250000 nan
142.750000 -27.250000 nan
143.000000 -27.250000 nan
143.250000 -27.250000 nan
143.500000 -27.250000 nan
143.750000 -27.250000 40.34
144.000000 -27.250000 40.29
144.250000 -27.250000 41.29
144.500000 -27.250000 nan
144.750000 -27.250000 nan
145.000000 -27.250000 nan
145.250000 -27.250000 nan
145.500000 -27.250000 nan
145.750000 -27.250000 nan
146.000000 -27.250000 nan
146.250000 -27.250000 nan
146.500000 -27.250000 nan
129.000000 -27.000000 nan
129.250000 -27.000000 nan
129.500000 -27.000000 nan
129.750000 -27.000000 nan
130.000000 -27.000000 nan
130.250000 -27.000000 nan
130.500000 -27.000000 nan
130.750000 -27.000000 nan
131.000000 -27.000000 nan
131.250000 -27.000000 nan
131.500000 -27.000000 nan
131.750000 -27.000000 nan
132.000000 -27.000000 nan
132.250000 -27.000000 nan
132.500000 -27.000000 nan
132.750000 -27.000000 nan
133.000000 -27.000000 nan
133.250000 -27.000000 nan
133.500000 -27.000000 nan
133.750000 -27.000000 nan
134.000000 -27.000000 nan
134.250000 -27.000000 nan
134.500000 -27.000000 nan
134.750000 -27.000000 nan
135.000000 -27.000000 nan
135.250000 -27.000000 nan
135.500000 -27.000000 nan
135.750000 -27.000000 nan
136.000000 -27.000000 nan
136.250000 -27.000000 nan
136.500000 -27.000000 nan
136.750000 -27.000000 nan
137.000000 -27.000000 nan
137.250000 -27.000000 nan
137.500000 -27.000000 nan
137.750000 -27.000000 nan
138.000000 -27.000000 nan
138.250000 -27.000000 nan
138.500000 -27.000000 nan
138.750000 -27.000000 nan
139.000000 -27.000000 nan
139.250000 -27.000000 nan
139.500000 -27.000000 nan
139.750000 -27.000000 nan
140.000000 -27.000000 nan
140.250000 -27.000000 nan
140.500000 -27.000000 nan
140.750000 -27.000000 nan
141.000000 -27.000000 nan
141.250000 -27.000000 nan
141.500000 -27.000000 nan
141.750000 -27.000000 37.23
142.000000 -27.000000 36.90
142.250000 -27.000000 36.96
142.500000 -27.000000 36.98
142.750000 -27.000000 36.69
143.000000 -27.000000 36.73
143.250000 -27.000000 36.76
143.500000 -27.000000 37.02
143.750000 -27.000000 37.30
144.000000 -27.000000 37.48
144.250000 -27.000000 39.37
144.500000 -27.000000 40.58
144.750000 -27.000000 42.80
145.000000 -27.000000 45.25
145.250000 -27.000000 nan
145.500000 -27.000000 nan
145.750000 -27.000000 nan
146.000000 -27.000000 nan
146.250000 -27.000000 nan
146.500000 -27.000000 nan
129.000000 -26.750000 nan
129.250000 -26.750000 nan
129.500000 -26.750000 nan
129.750000 -26.750000 nan
130.000000 -26.750000 nan
130.250000 -26.750000 nan
130.500000 -26.750000 nan
130.750000 -26.750000 nan
131.000000 -26.750000 nan
131.250000 -26.750000 nan
131.500000 -26.750000 nan
131.750000 -26.750000 nan
132.000000 -26.750000 nan
132.250000 -26.750000 nan
132.500000 -26.750000 nan
132.750000 -26.750000 nan
133.000000 -26.750000 nan
133.250000 -26.750000 nan
133.500000 -26.750000 nan
133.750000 -26.750000 nan
134.000000 -26.750000 nan
134.250000 -26.750000 nan
134.500000 -26.750000 nan
134.750000 -26.750000 nan
135.000000 -26.750000 nan
135.250000 -26.750000 nan
135.500000 -26.750000 nan
135.750000 -26.750000 nan
136.000000 -26.750000 nan
136.250000 -26.750000 nan
136.500000 -26.750000 nan
136.750000 -26.750000 nan
137.000000 -26.750000 nan
137.250000 -26.750000 nan
137.500000 -26.750000 nan
137.750000 -26.750000 nan
138.000000 -26.750000 nan
138.250000 -26.750000 nan
138.500000 -26.750000 nan
138.750000 -26.750000 nan
139.000000 -26.750000 nan
139.250000 -26.750000 nan
139.500000 -26.750000 nan
139.750000 -26.750000 nan
140.000000 -26.750000 nan
140.250000 -26.750000 nan
140.500000 -26.750000 37.97
140.750000 -26.750000 38.06
141.000000 -26.750000 37.90
141.250000 -26.750000 37.19
141.500000 -26.750000 37.30
141.750000 -26.750000 37.62
142.000000 -26.750000 37.38
142.250000 -26.750000 36.65
142.500000 -26.750000 38.13
142.750000 -26.750000 37.25
143.000000 -26.750000 37.05
143.250000 -26.750000 37.62
143.500000 -26.750000 38.19
143.750000 -26.750000 37.42
144.000000 -26.750000 37.34
144.250000 -26.750000 38.20
144.500000 -26.750000 38.53
144.750000 -26.750000 39.86
145.000000 -26.750000 42.32
145.250000 -26.750000 44.77
145.500000 -26.750000 47.22
145.750000 -26.750000 nan
146.000000 -26.750000 nan
146.250000 -26.750000 nan
146.500000 -26.750000 nan
129.000000 -26.500000 nan
129.250000 -26.500000 nan
129.500000 -26.500000 nan
129.750000 -26.500000 nan
130.000000 -26.500000 nan
130.250000 -26.500000 nan
130.500000 -26.500000 nan
130.750000 -26.500000 nan
131.000000 -26.500000 nan
131.250000 -26.500000 nan
131.500000 -26.500000 nan
131.750000 -26.500000 nan
132.000000 -26.500000 nan
132.250000 -26.500000 nan
132.500000 -26.500000 nan
132.750000 -26.500000 nan
133.000000 -26.500000 nan
133.250000 -26.500000 nan
133.500000 -26.500000 nan
133.750000 -26.500000 nan
134.000000 -26.500000 nan
134.250000 -26.500000 nan
134.500000 -26.500000 nan
134.750000 -26.500000 nan
135.000000 -26.500000 nan
135.250000 -26.500000 nan
135.500000 -26.500000 nan
135.750000 -26.500000 nan
136.000000 -26.500000 nan
136.250000 -26.500000 nan
136.500000 -26.500000 nan
136.750000 -26.500000 nan
137.000000 -26.500000 nan
137.250000 -26.500000 nan
137.500000 -26.500000 nan
137.750000 -26.500000 nan
138.000000 -26.500000 nan
138.250000 -26.500000 nan
138.500000 -26.500000 nan
138.750000 -26.500000 nan
139.000000 -26.500000 nan
139.250000 -26.500000 38.76
139.500000 -26.500000 38.83
139.750000 -26.500000 38.79
140.000000 -26.500000 38.33
140.250000 -26.500000 38.78
140.500000 -26.500000 37.55
140.750000 -26.500000 37.38
141.000000 -26.500000 37.70
141.250000 -26.500000 38.02
141.500000 -26.500000 38.34
141.750000 -26.500000 37.81
142.000000 -26.500000 36.54
142.250000 -26.500000 37.07
142.500000 -26.500000 38.70
142.750000 -26.500000 38.47
143.000000 -26.500000 38.73
143.250000 -26.500000 39.00
143.500000 -26.500000 38.54
143.750000 -26.500000 37.54
144.000000 -26.500000 37.21
144.250000 -26.500000 39.61
144.500000 -26.500000 40.30
144.750000 -26.500000 40.79
145.000000 -26.500000 44.66
145.250000 -26.500000 46.08
145.500000 -26.500000 47.49
145.750000 -26.500000 48.91
146.000000 -26.500000 50.24
146.250000 -26.500000 nan
146.500000 -26.500000 nan
129.000000 -26.250000 nan
129.250000 -26.250000 nan
129.500000 -26.250000 nan
129.750000 -26.250000 nan
130.000000 -26.250000 nan
130.250000 -26.250000 nan
130.500000 -26.250000 nan
130.750000 -26.250000 nan
131.000000 -26.250000 nan
131.250000 -26.250000 nan
131.500000 -26.250000 nan
131.750000 -26.250000 nan
132.000000 -26.250000 nan
132.250000 -26.250000 nan
132.500000 -26.250000 nan
132.750000 -26.250000 nan
133.000000 -26.250000 nan
133.250000 -26.250000 nan
133.500000 -26.250000 nan
133.750000 -26.250000 nan
134.000000 -26.250000 nan
134.250000 -26.250000 nan
134.500000 -26.250000 nan
134.750000 -26.250000 nan
135.000000 -26.250000 nan
135.250000 -26.250000 nan
135.500000 -26.250000 nan
135.750000 -26.250000 nan
136.000000 -26.250000 nan
136.250000 -26.250000 nan
136.500000 -26.250000 nan
136.750000 -26.250000 nan
137.000000 -26.250000 nan
137.250000 -26.250000 nan
137.500000 -26.250000 nan
137.750000 -26.250000 nan
138.000000 -26.250000 39.46
138.250000 -26.250000 39.32
138.500000 -26.250000 39.82
138.750000 -26.250000 39.63
139.000000 -26.250000 39.18
139.250000 -26.250000 39.37
139.500000 -26.250000 39.06
139.750000 -26.250000 37.92
140.000000 -26.250000 37.46
140.250000 -26.250000 37.78
140.500000 -26.250000 38.10
140.750000 -26.250000 38.42
141.000000 -26.250000 38.74
141.250000 -26.250000 39.06
141.500000 -26.250000 38.23
141.750000 -26.250000 36.96
142.000000 -26.250000 35.86
142.250000 -26.250000 37.49
142.500000 -26.250000 39.11
142.750000 -26.250000 40.11
143.000000 -26.250000 40.31
143.250000 -26.250000 40.50
143.500000 -26.250000 40.31
143.750000 -26.250000 38.63
144.000000 -26.250000 38.25
144.250000 -26.250000 41.01
144.500000 -26.250000 42.37
144.750000 -26.250000 45.26
145.000000 -26.250000 50.09
145.250000 -26.250000 53.21
145.500000 -26.250000 53.00
145.750000 -26.250000 52.69
146.000000 -26.250000 nan
146.250000 -26.250000 nan
146.500000 -26.250000 nan
129.000000 -26.000000 nan
129.250000 -26.000000 nan
129.500000 -26.000000 nan
129.750000 -26.000000 nan
130.000000 -26.000000 nan
130.250000 -26.000000 nan
130.500000 -26.000000 nan
130.750000 -26.000000 nan
131.000000 -26.000000 nan
131.250000 -26.000000 nan
131.500000 -26.000000 nan
131.750000 -26.000000 nan
132.000000 -26.000000 nan
132.250000 -26.000000 nan
132.500000 -26.000000 nan
132.750000 -26.000000 nan
133.000000 -26.000000 nan
133.250000 -26.000000 nan
133.500000 -26.000000 nan
133.750000 -26.000000 nan
134.000000 -26.000000 nan
134.250000 -26.000000 nan
134.500000 -26.000000 nan
134.750000 -26.000000 nan
135.000000 -26.000000 nan
135.250000 -26.000000 nan
135.500000 -26.000000 nan
135.750000 -26.000000 nan
136.000000 -26.000000 nan
136.250000 -26.000000 nan
136.500000 -26.000000 nan
136.750000 -26.000000 40.17
137.000000 -26.000000 39.98
137.250000 -26.000000 40.42
137.500000 -26.000000 40.70
137.750000 -26.000000 40.47
138.000000 -26.000000 40.16
138.250000 -26.000000 39.80
138.500000 -26.000000 40.40
138.750000 -26.000000 39.34
139.000000 -26.000000 38.28
139.250000 -26.000000 37.55
139.500000 -26.000000 37.87
139.750000 -26.000000 38.19
140.000000 -26.000000 38.50
140.250000 -26.000000 38.82
140.500000 -26.000000 39.14
140.750000 -26.000000 39.46
141.000000 -26.000000 39.78
141.250000 -26.000000 38.66
141.500000 -26.000000 37.39
141.750000 -26.000000 36.11
142.000000 -26.000000 36.33
142.250000 -26.000000 40.43
142.500000 -26.000000 42.21
142.750000 -26.000000 40.01
143.000000 -26.000000 41.54
143.250000 -26.000000 41.99
143.500000 -26.000000 42.18
143.750000 -26.000000 40.55
144.000000 -26.000000 41.74
144.250000 -26.000000 43.10
144.500000 -26.000000 44.91
144.750000 -26.000000 46.80
145.000000 -26.000000 47.21
145.250000 -26.000000 52.34
145.500000 -26.000000 53.90
145.750000 -26.000000 54.84
146.000000 -26.000000 nan
146.250000 -26.000000 nan
146.500000 -26.000000 nan
129.000000 -25.750000 nan
129.250000 -25.750000 nan
129.500000 -25.750000 nan
129.750000 -25.750000 nan
130.000000 -25.750000 nan
130.250000 -25.750000 nan
130.500000 -25.750000 nan
130.750000 -25.750000 nan
131.000000 -25.750000 nan
131.250000 -25.750000 nan
131.500000 -25.750000 nan
131.750000 -25.750000 nan
132.000000 -25.750000 nan
132.250000 -25.750000 nan
132.500000 -25.750000 nan
132.750000 -25.750000 nan
133.000000 -25.750000 nan
133.250000 -25.750000 nan
133.500000 -25.750000 nan
133.750000 -25.750000 nan
134.000000 -25.750000 nan
134.250000 -25.750000 nan
134.500000 -25.750000 nan
134.750000 -25.750000 nan
135.000000 -25.750000 nan
135.250000 -25.750000 nan
135.500000 -25.750000 40.87
135.750000 -25.750000 40.82
136.000000 -25.750000 40.92
136.250000 -25.750000 41.42
136.500000 -25.750000 41.42
136.750000 -25.750000 41.31
137.000000 -25.750000 41.13
137.250000 -25.750000 40.24
137.500000 -25.750000 40.83
137.750000 -25.750000 41.12
138.000000 -25.750000 39.69
138.250000 -25.750000 38.64
138.500000 -25.750000 37.63
138.750000 -25.750000 37.95
139.000000 -25.750000 38.27
139.250000 -25.750000 38.59
139.500000 -25.750000 38.91
139.750000 -25.750000 39.23
140.000000 -25.750000 39.55
140.250000 -25.750000 39.87
140.500000 -25.750000 40.19
140.750000 -25.750000 40.35
141.000000 -25.750000 39.08
141.250000 -25.750000 37.81
141.500000 -25.750000 36.85
141.750000 -25.750000 36.85
142.000000 -25.750000 42.42
142.250000 -25.750000 46.18
142.500000 -25.750000 42.74
142.750000 -25.750000 39.42
143.000000 -25.750000 40.94
143.250000 -25.750000 42.47
143.500000 -25.750000 43.67
143.750000 -25.750000 43.87
144.000000 -25.750000 45.05
144.250000 -25.750000 46.03
144.500000 -25.750000 45.70
144.750000 -25.750000 42.15
145.000000 -25.750000 44.82
145.250000 -25.750000 51.03
145.500000 -25.750000 53.03
145.750000 -25.750000 nan
146.000000 -25.750000 nan
146.250000 -25.750000 nan
146.500000 -25.750000 nan
129.000000 -25.500000 nan
129.250000 -25.500000 nan
129.500000 -25.500000 nan
129.750000 -25.500000 nan
130.000000 -25.500000 nan
130.250000 -25.500000 nan
130.500000 -25.500000 nan
130.750000 -25.500000 nan
131.000000 -25.500000 nan
131.250000 -25.500000 nan
131.500000 -25.500000 nan
131.750000 -25.500000 nan
132.000000 -25.500000 nan
132.250000 -25.500000 nan
132.500000 -25.500000 nan
132.750000 -25.500000 nan
133.000000 -25.500000 nan
133.250000 -25.500000 nan
133.500000 -25.500000 nan
133.750000 -25.500000 nan
134.000000 -25.500000 nan
134.250000 -25.500000 41.57
134.500000 -25.500000 41.66
134.750000 -25.500000 41.42
135.000000 -25.500000 42.02
135.250000 -25.500000 42.41
135.500000 -25.500000 42.14
135.750000 -25.500000 42.15
136.000000 -25.500000 42.10
136.250000 -25.500000 40.67
136.500000 -25.500000 41.27
136.750000 -25.500000 41.87
137.000000 -25.500000 41.40
137.250000 -25.500000 40.05
137.500000 -25.500000 39.00
137.750000 -25.500000 37.94
138.000000 -25.500000 38.03
138.250000 -25.500000 38.35
138.500000 -25.500000 38.67
138.750000 -25.500000 38.99
139.000000 -25.500000 39.31
139.250000 -25.500000 39.63
139.500000 -25.500000 39.95
139.750000 -25.500000 40.27
140.000000 -25.500000 40.59
140.250000 -25.500000 40.91
140.500000 -25.500000 40.78
140.750000 -25.500000 39.51
141.000000 -25.500000 38.46
141.250000 -25.500000 40.77
141.500000 -25.500000 40.04
141.750000 -25.500000 41.72
142.000000 -25.500000 46.19
142.250000 -25.500000 45.84
142.500000 -25.500000 43.26
142.750000 -25.500000 39.82
143.000000 -25.500000 40.35
143.250000 -25.500000 41.86
143.500000 -25.500000 43.37
143.750000 -25.500000 45.82
144.000000 -25.500000 47.37
144.250000 -25.500000 48.35
144.500000 -25.500000 48.11
144.750000 -25.500000 42.21
145.000000 -25.500000 43.77
145.250000 -25.500000 49.46
145.500000 -25.500000 53.69
145.750000 -25.500000 nan
146.000000 -25.500000 nan
146.250000 -25.500000 nan
146.500000 -25.500000 nan
129.000000 -25.250000 nan
129.250000 -25.250000 nan
129.500000 -25.250000 nan
129.750000 -25.250000 nan
130.000000 -25.250000 nan
130.250000 -25.250000 nan
130.500000 -25.250000 nan
130.750000 -25.250000 nan
131.000000 -25.250000 nan
131.250000 -25.250000 nan
131.500000 -25.250000 nan
131.750000 -25.250000 nan
132.000000 -25.250000 nan
132.250000 -25.250000 nan
132.500000 -25.250000 nan
132.750000 -25.250000 nan
133.000000 -25.250000 42.28
133.250000 -25.250000 42.50
133.500000 -25.250000 41.99
133.750000 -25.250000 42.52
134.000000 -25.250000 43.01
134.250000 -25.250000 43.35
134.500000 -25.250000 42.85
134.750000 -25.250000 42.99
135.000000 -25.250000 43.08
135.250000 -25.250000 41.57
135.500000 -25.250000 41.70
135.750000 -25.250000 42.30
136.000000 -25.250000 42.90
136.250000 -25.250000 41.69
136.500000 -25.250000 40.41
136.750000 -25.250000 39.36
137.000000 -25.250000 38.30
137.250000 -25.250000 38.11
137.500000 -25.250000 38.43
137.750000 -25.250000 38.75
138.000000 -25.250000 39.07
138.250000 -25.250000 39.39
138.500000 -25.250000 39.71
138.750000 -25.250000 40.03
139.000000 -25.250000 40.35
139.250000 -25.250000 40.67
139.500000 -25.250000 40.99
139.750000 -25.250000 41.31
140.000000 -25.250000 41.63
140.250000 -25.250000 41.20
140.500000 -25.250000 40.07
140.750000 -25.250000 42.38
141.000000 -25.250000 44.69
141.250000 -25.250000 43.38
141.500000 -25.250000 41.02
141.750000 -25.250000 43.00
142.000000 -25.250000 46.13
142.250000 -25.250000 43.66
142.500000 -25.250000 41.18
142.750000 -25.250000 39.16
143.000000 -25.250000 39.70
143.250000 -25.250000 41.20
143.500000 -25.250000 42.59
143.750000 -25.250000 43.85
144.000000 -25.250000 48.04
144.250000 -25.250000 50.67
144.500000 -25.250000 50.51
144.750000 -25.250000 48.78
145.000000 -25.250000 50.80
145.250000 -25.250000 49.96
145.500000 -25.250000 nan
145.750000 -25.250000 nan
146.000000 -25.250000 nan
146.250000 -25.250000 nan
146.500000 -25.250000 nan
129.000000 -25.000000 nan
129.250000 -25.000000 nan
129.500000 -25.000000 nan
129.750000 -25.000000 nan
130.000000 -25.000000 nan
130.250000 -25.000000 nan
130.500000 -25.000000 nan
130.750000 -25.000000 nan
131.000000 -25.000000 nan
131.250000 -25.000000 nan
131.500000 -25.000000 nan
131.750000 -25.000000 42.98
132.000000 -25.000000 43.34
132.250000 -25.000000 42.83
132.500000 -25.000000 43.01
132.750000 -25.000000 43.61
133.000000 -25.000000 44.01
133.250000 -25.000000 44.07
133.500000 -25.000000 43.57
133.750000 -25.000000 43.82
134.000000 -25.000000 44.05
134.250000 -25.000000 42.54
134.500000 -25.000000 42.14
134.750000 -25.000000 42.74
135.000000 -25.000000 43.33
135.250000 -25.000000 43.46
135.500000 -25.000000 41.97
135.750000 -25.000000 40.77
136.000000 -25.000000 39.73
136.250000 -25.000000 38.66
136.500000 -25.000000 38.19
136.750000 -25.000000 38.51
137.000000 -25.000000 38.83
137.250000 -25.000000 39.15
137.500000 -25.000000 39.47
137.750000 -25.000000 39.79
138.000000 -25.000000 40.11
138.250000 -25.000000 40.43
138.500000 -25.000000 40.75
138.750000 -25.000000 41.07
139.000000 -25.000000 41.39
139.250000 -25.000000 41.71
139.500000 -25.000000 42.03
139.750000 -25.000000 42.35
140.000000 -25.000000 41.69
140.250000 -25.000000 43.99
140.500000 -25.000000 46.30
140.750000 -25.000000 48.60
141.000000 -25.000000 47.54
141.250000 -25.000000 45.51
141.500000 -25.000000 42.32
141.750000 -25.000000 43.71
142.000000 -25.000000 43.95
142.250000 -25.000000 41.47
142.500000 -25.000000 39.88
142.750000 -25.000000 38.78
143.000000 -25.000000 39.04
143.250000 -25.000000 40.54
143.500000 -25.000000 41.80
143.750000 -25.000000 43.06
144.000000 -25.000000 45.64
144.250000 -25.000000 50.26
144.500000 -25.000000 53.79
144.750000 -25.000000 51.38
145.000000 -25.000000 48.89
145.250000 -25.000000 52.06
145.500000 -25.000000 nan
145.750000 -25.000000 nan
146.000000 -25.000000 nan
146.250000 -25.000000 nan
146.500000 -25.000000 nan
129.000000 -24.750000 nan
129.250000 -24.750000 nan
129.500000 -24.750000 nan
129.750000 -24.750000 nan
130.000000 -24.750000 nan
130.250000 -24.750000 nan
130.500000 -24.750000 43.68
130.750000 -24.750000 44.19
131.000000 -24.750000 43.67
131.250000 -24.750000 43.51
131.500000 -24.750000 44.11
131.750000 -24.750000 44.61
132.000000 -24.750000 45.00
132.250000 -24.750000 44.79
132.500000 -24.750000 44.29
132.750000 -24.750000 44.66
133.000000 -24.750000 45.02
133.250000 -24.750000 43.52
133.500000 -24.750000 42.57
133.750000 -24.750000 43.17
134.000000 -24.750000 43.77
134.250000 -24.750000 44.37
134.500000 -24.750000 43.75
134.750000 -24.750000 42.26
135.000000 -24.750000 41.13
135.250000 -24.750000 40.09
135.500000 -24.750000 39.03
135.750000 -24.750000 38.28
136.000000 -24.750000 38.60
136.250000 -24.750000 38.92
136.500000 -24.750000 39.24
136.750000 -24.750000 39.56
137.000000 -24.750000 39.88
137.250000 -24.750000 40.20
137.500000 -24.750000 40.52
137.750000 -24.750000 40.84
138.000000 -24.750000 41.16
138.250000 -24.750000 41.48
138.500000 -24.750000 41.80
138.750000 -24.750000 42.11
139.000000 -24.750000 42.40
139.250000 -24.750000 42.65
139.500000 -24.750000 42.91
139.750000 -24.750000 42.55
140.000000 -24.750000 42.93
140.250000 -24.750000 43.62
140.500000 -24.750000 44.31
140.750000 -24.750000 45.25
141.000000 -24.750000 47.06
141.250000 -24.750000 47.95
141.500000 -24.750000 43.61
141.750000 -24.750000 44.25
142.000000 -24.750000 41.77
142.250000 -24.750000 40.61
142.500000 -24.750000 39.50
142.750000 -24.750000 38.39
143.000000 -24.750000 38.37
143.250000 -24.750000 39.76
143.500000 -24.750000 41.02
143.750000 -24.750000 42.28
144.000000 -24.750000 43.54
144.250000 -24.750000 47.86
144.500000 -24.750000 50.30
144.750000 -24.750000 47.81
145.000000 -24.750000 45.75
145.250000 -24.750000 nan
145.500000 -24.750000 nan
145.750000 -24.750000 nan
146.000000 -24.750000 nan
146.250000 -24.750000 nan
146.500000 -24.750000 nan
129.000000 -24.500000 nan
129.250000 -24.500000 44.38
129.500000 -24.500000 45.02
129.750000 -24.500000 44.51
130.000000 -24.500000 44.00
130.250000 -24.500000 44.60
130.500000 -24.500000 45.20
130.750000 -24.500000 45.60
131.000000 -24.500000 46.00
131.250000 -24.500000 45.50
131.500000 -24.500000 45.00
131.750000 -24.500000 45.50
132.000000 -24.500000 46.00
132.250000 -24.500000 44.50
132.500000 -24.500000 43.00
132.750000 -24.500000 43.61
133.000000 -24.500000 44.20
133.250000 -24.500000 44.80
133.500000 -24.500000 45.40
133.750000 -24.500000 44.03
134.000000 -24.500000 42.54
134.250000 -24.500000 41.50
134.500000 -24.500000 40.45
134.750000 -24.500000 39.39
135.000000 -24.500000 38.38
135.250000 -24.500000 38.60
135.500000 -24.500000 38.86
135.750000 -24.500000 39.11
136.000000 -24.500000 39.37
136.250000 -24.500000 39.62
136.500000 -24.500000 39.87
136.750000 -24.500000 40.13
137.000000 -24.500000 40.38
137.250000 -24.500000 40.64
137.500000 -24.500000 40.89
137.750000 -24.500000 41.14
138.000000 -24.500000 41.40
138.250000 -24.500000 41.65
138.500000 -24.500000 41.91
138.750000 -24.500000 42.16
139.000000 -24.500000 42.41
139.250000 -24.500000 42.67
139.500000 -24.500000 42.92
139.750000 -24.500000 42.55
140.000000 -24.500000 41.82
140.250000 -24.500000 41.10
140.500000 -24.500000 40.38
140.750000 -24.500000 40.58
141.000000 -24.500000 41.21
141.250000 -24.500000 42.31
141.500000 -24.500000 43.95
141.750000 -24.500000 42.44
142.000000 -24.500000 41.33
142.250000 -24.500000 40.22
142.500000 -24.500000 39.12
142.750000 -24.500000 38.01
143.000000 -24.500000 37.71
143.250000 -24.500000 38.97
143.500000 -24.500000 40.23
143.750000 -24.500000 41.49
144.000000 -24.500000 42.76
144.250000 -24.500000 45.31
144.500000 -24.500000 46.30
144.750000 -24.500000 44.23
145.000000 -24.500000 50.44
145.250000 -24.500000 nan
145.500000 -24.500000 nan
145.750000 -24.500000 nan
146.000000 -24.500000 nan
146.250000 -24.500000 nan
146.500000 -24.500000 nan
129.000000 -24.250000 nan
129.250000 -24.250000 44.88
129.500000 -24.250000 43.89
129.750000 -24.250000 43.37
130.000000 -24.250000 44.15
130.250000 -24.250000 44.75
130.500000 -24.250000 45.67
130.750000 -24.250000 46.56
131.000000 -24.250000 46.96
131.250000 -24.250000 46.01
131.500000 -24.250000 45.61
131.750000 -24.250000 46.70
132.000000 -24.250000 47.20
132.250000 -24.250000 45.70
132.500000 -24.250000 43.00
132.750000 -24.250000 44.07
133.000000 -24.250000 44.68
133.250000 -24.250000 45.19
133.500000 -24.250000 45.05
133.750000 -24.250000 43.73
134.000000 -24.250000 43.29
134.250000 -24.250000 42.24
134.500000 -24.250000 43.26
134.750000 -24.250000 42.49
135.000000 -24.250000 39.97
135.250000 -24.250000 39.61
135.500000 -24.250000 39.24
135.750000 -24.250000 39.13
136.000000 -24.250000 39.38
136.250000 -24.250000 39.64
136.500000 -24.250000 39.89
136.750000 -24.250000 40.14
137.000000 -24.250000 40.40
137.250000 -24.250000 40.65
137.500000 -24.250000 40.91
137.750000 -24.250000 41.16
138.000000 -24.250000 41.41
138.250000 -24.250000 41.67
138.500000 -24.250000 41.92
138.750000 -24.250000 42.18
139.000000 -24.250000 42.43
139.250000 -24.250000 42.68
139.500000 -24.250000 42.84
139.750000 -24.250000 42.54
140.000000 -24.250000 41.82
140.250000 -24.250000 41.10
140.500000 -24.250000 40.64
140.750000 -24.250000 41.67
141.000000 -24.250000 42.30
141.250000 -24.250000 42.93
141.500000 -24.250000 43.61
141.750000 -24.250000 43.81
142.000000 -24.250000 43.22
142.250000 -24.250000 41.96
142.500000 -24.250000 40.70
142.750000 -24.250000 39.44
143.000000 -24.250000 37.55
143.250000 -24.250000 37.03
143.500000 -24.250000 38.26
143.750000 -24.250000 39.49
144.000000 -24.250000 40.72
144.250000 -24.250000 41.52
144.500000 -24.250000 42.22
144.750000 -24.250000 44.12
145.000000 -24.250000 nan
145.250000 -24.250000 nan
145.500000 -24.250000 nan
145.750000 -24.250000 nan
146.000000 -24.250000 nan
146.250000 -24.250000 nan
146.500000 -24.250000 nan
129.000000 -24.000000 nan
129.250000 -24.000000 44.17
129.500000 -24.000000 42.76
129.750000 -24.000000 43.52
130.000000 -24.000000 44.30
130.250000 -24.000000 44.90
130.500000 -24.000000 46.14
130.750000 -24.000000 47.49
131.000000 -24.000000 47.92
131.250000 -24.000000 46.97
131.500000 -24.000000 46.10
131.750000 -24.000000 47.23
132.000000 -24.000000 48.40
132.250000 -24.000000 45.70
132.500000 -24.000000 43.00
132.750000 -24.000000 44.07
133.000000 -24.000000 45.10
133.250000 -24.000000 44.80
133.500000 -24.000000 44.63
133.750000 -24.000000 44.28
134.000000 -24.000000 44.04
134.250000 -24.000000 45.08
134.500000 -24.000000 46.10
134.750000 -24.000000 44.21
135.000000 -24.000000 41.57
135.250000 -24.000000 41.21
135.500000 -24.000000 40.84
135.750000 -24.000000 40.48
136.000000 -24.000000 40.12
136.250000 -24.000000 39.75
136.500000 -24.000000 39.91
136.750000 -24.000000 40.16
137.000000 -24.000000 40.41
137.250000 -24.000000 40.67
137.500000 -24.000000 40.92
137.750000 -24.000000 41.18
138.000000 -24.000000 41.43
138.250000 -24.000000 41.68
138.500000 -24.000000 41.94
138.750000 -24.000000 42.19
139.000000 -24.000000 42.45
139.250000 -24.000000 42.70
139.500000 -24.000000 42.73
139.750000 -24.000000 42.51
140.000000 -24.000000 41.81
140.250000 -24.000000 41.09
140.500000 -24.000000 41.83
140.750000 -24.000000 42.76
141.000000 -24.000000 43.39
141.250000 -24.000000 44.02
141.500000 -24.000000 44.79
141.750000 -24.000000 44.83
142.000000 -24.000000 44.88
142.250000 -24.000000 44.89
142.500000 -24.000000 43.62
142.750000 -24.000000 42.30
143.000000 -24.000000 39.85
143.250000 -24.000000 37.39
143.500000 -24.000000 35.31
143.750000 -24.000000 36.54
144.000000 -24.000000 37.67
144.250000 -24.000000 38.13
144.500000 -24.000000 39.14
144.750000 -24.000000 48.81
145.000000 -24.000000 nan
145.250000 -24.000000 nan
145.500000 -24.000000 nan
145.750000 -24.000000 nan
146.000000 -24.000000 nan
146.250000 -24.000000 nan
146.500000 -24.000000 nan
129.000000 -23.750000 nan
129.250000 -23.750000 47.35
129.500000 -23.750000 46.35
129.750000 -23.750000 43.68
130.000000 -23.750000 44.45
130.250000 -23.750000 45.37
130.500000 -23.750000 46.61
130.750000 -23.750000 47.96
131.000000 -23.750000 48.88
131.250000 -23.750000 47.99
131.500000 -23.750000 47.36
131.750000 -23.750000 46.72
132.000000 -23.750000 47.88
132.250000 -23.750000 45.23
132.500000 -23.750000 43.64
132.750000 -23.750000 45.01
133.000000 -23.750000 46.15
133.250000 -23.750000 45.84
133.500000 -23.750000 44.95
133.750000 -23.750000 45.21
134.000000 -23.750000 45.02
134.250000 -23.750000 46.11
134.500000 -23.750000 46.04
134.750000 -23.750000 45.63
135.000000 -23.750000 43.17
135.250000 -23.750000 42.81
135.500000 -23.750000 42.45
135.750000 -23.750000 42.08
136.000000 -23.750000 41.72
136.250000 -23.750000 41.35
136.500000 -23.750000 40.99
136.750000 -23.750000 40.63
137.000000 -23.750000 40.43
137.250000 -23.750000 40.68
137.500000 -23.750000 40.94
137.750000 -23.750000 41.19
138.000000 -23.750000 41.45
138.250000 -23.750000 41.70
138.500000 -23.750000 41.96
138.750000 -23.750000 42.21
139.000000 -23.750000 42.46
139.250000 -23.750000 42.72
139.500000 -23.750000 42.61
139.750000 -23.750000 42.40
140.000000 -23.750000 41.81
140.250000 -23.750000 41.41
140.500000 -23.750000 43.01
140.750000 -23.750000 43.85
141.000000 -23.750000 44.48
141.250000 -23.750000 45.30
141.500000 -23.750000 45.82
141.750000 -23.750000 45.86
142.000000 -23.750000 45.90
142.250000 -23.750000 45.94
142.500000 -23.750000 45.99
142.750000 -23.750000 44.60
143.000000 -23.750000 42.14
143.250000 -23.750000 39.69
143.500000 -23.750000 37.23
143.750000 -23.750000 34.78
144.000000 -23.750000 35.12
144.250000 -23.750000 36.76
144.500000 -23.750000 42.50
144.750000 -23.750000 nan
145.000000 -23.750000 nan
145.250000 -23.750000 nan
145.500000 -23.750000 nan
145.750000 -23.750000 nan
146.000000 -23.750000 nan
146.250000 -23.750000 nan
146.500000 -23.750000 nan
129.000000 -23.500000 nan
129.250000 -23.500000 49.35
129.500000 -23.500000 49.95
129.750000 -23.500000 47.27
130.000000 -23.500000 44.60
130.250000 -23.500000 45.84
130.500000 -23.500000 47.08
130.750000 -23.500000 48.20
131.000000 -23.500000 49.32
131.250000 -23.500000 48.98
131.500000 -23.500000 48.44
131.750000 -23.500000 47.89
132.000000 -23.500000 47.34
132.250000 -23.500000 45.86
132.500000 -23.500000 44.47
132.750000 -23.500000 45.87
133.000000 -23.500000 47.19
133.250000 -23.500000 46.19
133.500000 -23.500000 45.13
133.750000 -23.500000 45.55
134.000000 -23.500000 45.99
134.250000 -23.500000 45.74
134.500000 -23.500000 45.48
134.750000 -23.500000 45.23
135.000000 -23.500000 44.78
135.250000 -23.500000 44.41
135.500000 -23.500000 44.05
135.750000 -23.500000 43.68
136.000000 -23.500000 43.32
136.250000 -23.500000 42.96
136.500000 -23.500000 42.59
136.750000 -23.500000 42.23
137.000000 -23.500000 41.86
137.250000 -23.500000 41.50
137.500000 -23.500000 41.14
137.750000 -23.500000 41.21
138.000000 -23.500000 41.46
138.250000 -23.500000 41.72
138.500000 -23.500000 41.97
138.750000 -23.500000 42.23
139.000000 -23.500000 42.48
139.250000 -23.500000 42.72
139.500000 -23.500000 42.50
139.750000 -23.500000 42.29
140.000000 -23.500000 41.80
140.250000 -23.500000 42.60
140.500000 -23.500000 44.20
140.750000 -23.500000 44.93
141.000000 -23.500000 45.67
141.250000 -23.500000 46.62
141.500000 -23.500000 46.84
141.750000 -23.500000 46.89
142.000000 -23.500000 46.93
142.250000 -23.500000 46.81
142.500000 -23.500000 45.15
142.750000 -23.500000 45.07
143.000000 -23.500000 43.29
143.250000 -23.500000 40.83
143.500000 -23.500000 38.38
143.750000 -23.500000 35.93
144.000000 -23.500000 35.55
144.250000 -23.500000 36.36
144.500000 -23.500000 47.18
144.750000 -23.500000 nan
145.000000 -23.500000 nan
145.250000 -23.500000 nan
145.500000 -23.500000 nan
145.750000 -23.500000 nan
146.000000 -23.500000 nan
146.250000 -23.500000 nan
146.500000 -23.500000 nan
129.000000 -23.250000 nan
129.250000 -23.250000 49.33
129.500000 -23.250000 50.45
129.750000 -23.250000 47.78
130.000000 -23.250000 48.39
130.250000 -23.250000 49.01
130.500000 -23.250000 50.25
130.750000 -23.250000 45.69
131.000000 -23.250000 46.66
131.250000 -23.250000 47.74
131.500000 -23.250000 47.20
131.750000 -23.250000 46.66
132.000000 -23.250000 46.16
132.250000 -23.250000 44.71
132.500000 -23.250000 44.91
132.750000 -23.250000 48.72
133.000000 -23.250000 49.96
133.250000 -23.250000 48.98
133.500000 -23.250000 45.22
133.750000 -23.250000 47.96
134.000000 -23.250000 48.46
134.250000 -23.250000 49.02
134.500000 -23.250000 48.72
134.750000 -23.250000 48.44
135.000000 -23.250000 47.88
135.250000 -23.250000 44.18
135.500000 -23.250000 44.15
135.750000 -23.250000 44.12
136.000000 -23.250000 44.10
136.250000 -23.250000 44.07
136.500000 -23.250000 44.04
136.750000 -23.250000 43.83
137.000000 -23.250000 43.47
137.250000 -23.250000 43.10
137.500000 -23.250000 42.74
137.750000 -23.250000 42.38
138.000000 -23.250000 42.01
138.250000 -23.250000 41.73
138.500000 -23.250000 41.99
138.750000 -23.250000 42.24
139.000000 -23.250000 42.50
139.250000 -23.250000 42.61
139.500000 -23.250000 42.39
139.750000 -23.250000 42.18
140.000000 -23.250000 42.19
140.250000 -23.250000 43.79
140.500000 -23.250000 45.38
140.750000 -23.250000 46.04
141.000000 -23.250000 46.99
141.250000 -23.250000 47.83
141.500000 -23.250000 47.87
141.750000 -23.250000 47.91
142.000000 -23.250000 46.84
142.250000 -23.250000 44.98
142.500000 -23.250000 45.84
142.750000 -23.250000 45.19
143.000000 -23.250000 43.42
143.250000 -23.250000 41.73
143.500000 -23.250000 39.53
143.750000 -23.250000 37.07
144.000000 -23.250000 36.76
144.250000 -23.250000 40.87
144.500000 -23.250000 nan
144.750000 -23.250000 nan
145.000000 -23.250000 nan
145.250000 -23.250000 nan
145.500000 -23.250000 nan
145.750000 -23.250000 nan
146.000000 -23.250000 nan
146.250000 -23.250000 nan
146.500000 -23.250000 nan
129.000000 -23.000000 nan
129.250000 -23.000000 49.65
129.500000 -23.000000 50.95
129.750000 -23.000000 51.57
130.000000 -23.000000 52.19
130.250000 -23.000000 52.80
130.500000 -23.000000 53.42
130.750000 -23.000000 48.86
131.000000 -23.000000 44.30
131.250000 -23.000000 45.11
131.500000 -23.000000 45.96
131.750000 -23.000000 45.47
132.000000 -23.000000 44.97
132.250000 -23.000000 43.56
132.500000 -23.000000 45.24
132.750000 -23.000000 49.24
133.000000 -23.000000 52.77
133.250000 -23.000000 49.00
133.500000 -23.000000 45.22
133.750000 -23.000000 48.07
134.000000 -23.000000 50.91
134.250000 -23.000000 51.38
134.500000 -23.000000 51.86
134.750000 -23.000000 52.55
135.000000 -23.000000 52.58
135.250000 -23.000000 47.22
135.500000 -23.000000 43.30
135.750000 -23.000000 43.27
136.000000 -23.000000 43.24
136.250000 -23.000000 43.21
136.500000 -23.000000 43.19
136.750000 -23.000000 43.16
137.000000 -23.000000 43.13
137.250000 -23.000000 43.10
137.500000 -23.000000 43.07
137.750000 -23.000000 43.05
138.000000 -23.000000 43.02
138.250000 -23.000000 42.99
138.500000 -23.000000 42.89
138.750000 -23.000000 42.52
139.000000 -23.000000 42.51
139.250000 -23.000000 42.49
139.500000 -23.000000 43.57
139.750000 -23.000000 45.45
140.000000 -23.000000 45.88
140.250000 -23.000000 45.08
140.500000 -23.000000 46.48
140.750000 -23.000000 47.36
141.000000 -23.000000 48.31
141.250000 -23.000000 48.86
141.500000 -23.000000 48.73
141.750000 -23.000000 46.87
142.000000 -23.000000 45.01
142.250000 -23.000000 43.16
142.500000 -23.000000 46.53
142.750000 -23.000000 45.31
143.000000 -23.000000 43.46
143.250000 -23.000000 41.77
143.500000 -23.000000 40.09
143.750000 -23.000000 38.22
144.000000 -23.000000 36.02
144.250000 -23.000000 45.55
144.500000 -23.000000 nan
144.750000 -23.000000 nan
145.000000 -23.000000 nan
145.250000 -23.000000 nan
145.500000 -23.000000 nan
145.750000 -23.000000 nan
146.000000 -23.000000 nan
146.250000 -23.000000 nan
146.500000 -23.000000 nan
129.000000 -22.750000 nan
129.250000 -22.750000 46.84
129.500000 -22.750000 45.81
129.750000 -22.750000 46.99
130.000000 -22.750000 47.61
130.250000 -22.750000 48.32
130.500000 -22.750000 52.18
130.750000 -22.750000 45.75
131.000000 -22.750000 41.31
131.250000 -22.750000 43.90
131.500000 -22.750000 44.95
131.750000 -22.750000 44.28
132.000000 -22.750000 43.78
132.250000 -22.750000 43.89
132.500000 -22.750000 45.58
132.750000 -22.750000 49.51
133.000000 -22.750000 49.00
133.250000 -22.750000 49.00
133.500000 -22.750000 45.27
133.750000 -22.750000 48.09
134.000000 -22.750000 46.04
134.250000 -22.750000 48.03
134.500000 -22.750000 48.53
134.750000 -22.750000 49.64
135.000000 -22.750000 50.53
135.250000 -22.750000 51.00
135.500000 -22.750000 46.56
135.750000 -22.750000 42.42
136.000000 -22.750000 42.39
136.250000 -22.750000 42.36
136.500000 -22.750000 42.33
136.750000 -22.750000 42.31
137.000000 -22.750000 42.28
137.250000 -22.750000 42.25
137.500000 -22.750000 42.22
137.750000 -22.750000 42.19
138.000000 -22.750000 42.17
138.250000 -22.750000 42.14
138.500000 -22.750000 42.11
138.750000 -22.750000 42.08
139.000000 -22.750000 42.39
139.250000 -22.750000 45.74
139.500000 -22.750000 49.80
139.750000 -22.750000 51.68
140.000000 -22.750000 51.23
140.250000 -22.750000 48.78
140.500000 -22.750000 47.13
140.750000 -22.750000 48.44
141.000000 -22.750000 49.63
141.250000 -22.750000 48.76
141.500000 -22.750000 46.90
141.750000 -22.750000 45.04
142.000000 -22.750000 43.19
142.250000 -22.750000 43.60
142.500000 -22.750000 47.22
142.750000 -22.750000 45.44
143.000000 -22.750000 43.59
143.250000 -22.750000 41.81
143.500000 -22.750000 40.12
143.750000 -22.750000 37.52
144.000000 -22.750000 39.24
144.250000 -22.750000 nan
144.500000 -22.750000 nan
144.750000 -22.750000 nan
145.000000 -22.750000 nan
145.250000 -22.750000 nan
145.500000 -22.750000 nan
145.750000 -22.750000 nan
146.000000 -22.750000 nan
146.250000 -22.750000 nan
146.500000 -22.750000 nan
129.000000 -22.500000 nan
129.250000 -22.500000 43.21
129.500000 -22.500000 40.67
129.750000 -22.500000 41.87
130.000000 -22.500000 43.20
130.250000 -22.500000 47.06
130.500000 -22.500000 50.93
130.750000 -22.500000 44.77
131.000000 -22.500000 38.21
131.250000 -22.500000 41.08
131.500000 -22.500000 44.00
131.750000 -22.500000 43.30
132.000000 -22.500000 42.62
132.250000 -22.500000 44.23
132.500000 -22.500000 45.91
132.750000 -22.500000 45.50
133.000000 -22.500000 44.97
133.250000 -22.500000 45.17
133.500000 -22.500000 45.33
133.750000 -22.500000 43.25
134.000000 -22.500000 41.17
134.250000 -22.500000 43.30
134.500000 -22.500000 45.25
134.750000 -22.500000 46.36
135.000000 -22.500000 47.47
135.250000 -22.500000 49.58
135.500000 -22.500000 48.69
135.750000 -22.500000 45.90
136.000000 -22.500000 41.54
136.250000 -22.500000 41.51
136.500000 -22.500000 41.48
136.750000 -22.500000 41.45
137.000000 -22.500000 41.42
137.250000 -22.500000 41.40
137.500000 -22.500000 41.37
137.750000 -22.500000 41.34
138.000000 -22.500000 41.31
138.250000 -22.500000 41.28
138.500000 -22.500000 41.29
138.750000 -22.500000 42.29
139.000000 -22.500000 42.38
139.250000 -22.500000 44.41
139.500000 -22.500000 50.33
139.750000 -22.500000 55.25
140.000000 -22.500000 49.23
140.250000 -22.500000 45.47
140.500000 -22.500000 47.20
140.750000 -22.500000 48.54
141.000000 -22.500000 48.92
141.250000 -22.500000 46.99
141.500000 -22.500000 45.07
141.750000 -22.500000 43.22
142.000000 -22.500000 41.36
142.250000 -22.500000 44.29
142.500000 -22.500000 47.42
142.750000 -22.500000 45.57
143.000000 -22.500000 43.71
143.250000 -22.500000 41.36
143.500000 -22.500000 38.85
143.750000 -22.500000 36.14
144.000000 -22.500000 43.93
144.250000 -22.500000 nan
144.500000 -22.500000 nan
144.750000 -22.500000 nan
145.000000 -22.500000 nan
145.250000 -22.500000 nan
145.500000 -22.500000 nan
145.750000 -22.500000 nan
146.000000 -22.500000 nan
146.250000 -22.500000 nan
146.500000 -22.500000 nan
129.000000 -22.250000 nan
129.250000 -22.250000 43.67
129.500000 -22.250000 44.10
129.750000 -22.250000 42.41
130.000000 -22.250000 43.89
130.250000 -22.250000 47.68
130.500000 -22.250000 48.90
130.750000 -22.250000 49.86
131.000000 -22.250000 43.28
131.250000 -22.250000 40.80
131.500000 -22.250000 43.77
131.750000 -22.250000 43.92
132.000000 -22.250000 43.25
132.250000 -22.250000 44.85
132.500000 -22.250000 43.13
132.750000 -22.250000 47.14
133.000000 -22.250000 46.17
133.250000 -22.250000 42.50
133.500000 -22.250000 42.75
133.750000 -22.250000 44.32
134.000000 -22.250000 42.18
134.250000 -22.250000 44.08
134.500000 -22.250000 42.81
134.750000 -22.250000 43.93
135.000000 -22.250000 44.56
135.250000 -22.250000 46.52
135.500000 -22.250000 48.63
135.750000 -22.250000 46.39
136.000000 -22.250000 45.24
136.250000 -22.250000 40.65
136.500000 -22.250000 40.63
136.750000 -22.250000 40.60
137.000000 -22.250000 40.57
137.250000 -22.250000 40.54
137.500000 -22.250000 40.52
137.750000 -22.250000 40.49
138.000000 -22.250000 40.46
138.250000 -22.250000 40.59
138.500000 -22.250000 41.76
138.750000 -22.250000 41.74
139.000000 -22.250000 42.48
139.250000 -22.250000 43.60
139.500000 -22.250000 49.01
139.750000 -22.250000 53.50
140.000000 -22.250000 46.68
140.250000 -22.250000 45.51
140.500000 -22.250000 47.23
140.750000 -22.250000 48.63
141.000000 -22.250000 47.23
141.250000 -22.250000 45.30
141.500000 -22.250000 43.36
141.750000 -22.250000 41.43
142.000000 -22.250000 41.36
142.250000 -22.250000 44.98
142.500000 -22.250000 47.38
142.750000 -22.250000 45.05
143.000000 -22.250000 42.71
143.250000 -22.250000 40.12
143.500000 -22.250000 37.54
143.750000 -22.250000 37.62
144.000000 -22.250000 nan
144.250000 -22.250000 nan
144.500000 -22.250000 nan
144.750000 -22.250000 nan
145.000000 -22.250000 nan
145.250000 -22.250000 nan
145.500000 -22.250000 nan
145.750000 -22.250000 nan
146.000000 -22.250000 nan
146.250000 -22.250000 nan
146.500000 -22.250000 nan
129.000000 -22.000000 nan
129.250000 -22.000000 45.23
129.500000 -22.000000 47.84
129.750000 -22.000000 45.76
130.000000 -22.000000 44.18
130.250000 -22.000000 45.39
130.500000 -22.000000 46.60
130.750000 -22.000000 47.80
131.000000 -22.000000 48.69
131.250000 -22.000000 46.13
131.500000 -22.000000 43.53
131.750000 -22.000000 43.70
132.000000 -22.000000 43.80
132.250000 -22.000000 42.06
132.500000 -22.000000 40.34
132.750000 -22.000000 45.27
133.000000 -22.000000 47.60
133.250000 -22.000000 43.70
133.500000 -22.000000 40.14
133.750000 -22.000000 41.71
134.000000 -22.000000 43.30
134.250000 -22.000000 41.87
134.500000 -22.000000 40.40
134.750000 -22.000000 41.02
135.000000 -22.000000 41.65
135.250000 -22.000000 43.62
135.500000 -22.000000 45.58
135.750000 -22.000000 46.32
136.000000 -22.000000 44.08
136.250000 -22.000000 43.34
136.500000 -22.000000 39.77
136.750000 -22.000000 39.75
137.000000 -22.000000 39.72
137.250000 -22.000000 39.69
137.500000 -22.000000 39.66
137.750000 -22.000000 39.66
138.000000 -22.000000 39.89
138.250000 -22.000000 41.24
138.500000 -22.000000 41.79
138.750000 -22.000000 41.44
139.000000 -22.000000 42.57
139.250000 -22.000000 43.70
139.500000 -22.000000 47.68
139.750000 -22.000000 51.36
140.000000 -22.000000 47.52
140.250000 -22.000000 47.09
140.500000 -22.000000 47.27
140.750000 -22.000000 47.48
141.000000 -22.000000 45.54
141.250000 -22.000000 43.61
141.500000 -22.000000 41.67
141.750000 -22.000000 40.25
142.000000 -22.000000 40.55
142.250000 -22.000000 43.28
142.500000 -22.000000 44.09
142.750000 -22.000000 40.88
143.000000 -22.000000 40.33
143.250000 -22.000000 38.89
143.500000 -22.000000 36.26
143.750000 -22.000000 42.30
144.000000 -22.000000 nan
144.250000 -22.000000 nan
144.500000 -22.000000 nan
144.750000 -22.000000 nan
145.000000 -22.000000 nan
145.250000 -22.000000 nan
145.500000 -22.000000 nan
145.750000 -22.000000 nan
146.000000 -22.000000 nan
146.250000 -22.000000 nan
146.500000 -22.000000 nan
129.000000 -21.750000 nan
129.250000 -21.750000 42.34
129.500000 -21.750000 43.14
129.750000 -21.750000 41.32
130.000000 -21.750000 44.30
130.250000 -21.750000 44.23
130.500000 -21.750000 43.02
130.750000 -21.750000 44.23
131.000000 -21.750000 45.43
131.250000 -21.750000 42.97
131.500000 -21.750000 43.77
131.750000 -21.750000 43.95
132.000000 -21.750000 44.69
132.250000 -21.750000 43.91
132.500000 -21.750000 42.14
132.750000 -21.750000 45.62
133.000000 -21.750000 39.76
133.250000 -21.750000 36.35
133.500000 -21.750000 43.72
133.750000 -21.750000 40.03
134.000000 -21.750000 41.62
134.250000 -21.750000 39.48
134.500000 -21.750000 39.84
134.750000 -21.750000 40.34
135.000000 -21.750000 40.94
135.250000 -21.750000 42.78
135.500000 -21.750000 42.67
135.750000 -21.750000 44.64
136.000000 -21.750000 44.00
136.250000 -21.750000 41.78
136.500000 -21.750000 41.03
136.750000 -21.750000 38.89
137.000000 -21.750000 38.87
137.250000 -21.750000 38.84
137.500000 -21.750000 38.96
137.750000 -21.750000 39.19
138.000000 -21.750000 40.71
138.250000 -21.750000 41.85
138.500000 -21.750000 41.10
138.750000 -21.750000 41.53
139.000000 -21.750000 42.66
139.250000 -21.750000 43.79
139.500000 -21.750000 46.35
139.750000 -21.750000 49.23
140.000000 -21.750000 49.55
140.250000 -21.750000 48.67
140.500000 -21.750000 46.11
140.750000 -21.750000 45.78
141.000000 -21.750000 43.84
141.250000 -21.750000 41.91
141.500000 -21.750000 40.41
141.750000 -21.750000 40.43
142.000000 -21.750000 40.70
142.250000 -21.750000 41.56
142.500000 -21.750000 40.98
142.750000 -21.750000 39.80
143.000000 -21.750000 38.64
143.250000 -21.750000 37.62
143.500000 -21.750000 36.05
143.750000 -21.750000 nan
144.000000 -21.750000 nan
144.250000 -21.750000 nan
144.500000 -21.750000 nan
144.750000 -21.750000 nan
145.000000 -21.750000 nan
145.250000 -21.750000 nan
145.500000 -21.750000 nan
145.750000 -21.750000 nan
146.000000 -21.750000 nan
146.250000 -21.750000 nan
146.500000 -21.750000 nan
129.000000 -21.500000 nan
129.250000 -21.500000 40.40
129.500000 -21.500000 38.19
129.750000 -21.500000 41.29
130.000000 -21.500000 44.31
130.250000 -21.500000 45.89
130.500000 -21.500000 44.64
130.750000 -21.500000 43.39
131.000000 -21.500000 42.14
131.250000 -21.500000 43.00
131.500000 -21.500000 44.05
131.750000 -21.500000 44.81
132.000000 -21.500000 45.56
132.250000 -21.500000 44.78
132.500000 -21.500000 44.01
132.750000 -21.500000 37.97
133.000000 -21.500000 32.52
133.250000 -21.500000 40.94
133.500000 -21.500000 47.31
133.750000 -21.500000 43.84
134.000000 -21.500000 40.14
134.250000 -21.500000 38.84
134.500000 -21.500000 39.00
134.750000 -21.500000 39.30
135.000000 -21.500000 39.61
135.250000 -21.500000 41.99
135.500000 -21.500000 44.43
135.750000 -21.500000 44.22
136.000000 -21.500000 43.91
136.250000 -21.500000 41.68
136.500000 -21.500000 39.47
136.750000 -21.500000 38.73
137.000000 -21.500000 38.05
137.250000 -21.500000 38.28
137.500000 -21.500000 38.51
137.750000 -21.500000 40.18
138.000000 -21.500000 41.90
138.250000 -21.500000 41.17
138.500000 -21.500000 40.45
138.750000 -21.500000 41.58
139.000000 -21.500000 42.72
139.250000 -21.500000 43.86
139.500000 -21.500000 45.02
139.750000 -21.500000 49.33
140.000000 -21.500000 48.88
140.250000 -21.500000 44.05
140.500000 -21.500000 43.31
140.750000 -21.500000 44.08
141.000000 -21.500000 42.15
141.250000 -21.500000 40.57
141.500000 -21.500000 40.58
141.750000 -21.500000 40.60
142.000000 -21.500000 40.84
142.250000 -21.500000 41.71
142.500000 -21.500000 40.20
142.750000 -21.500000 39.01
143.000000 -21.500000 37.82
143.250000 -21.500000 36.38
143.500000 -21.500000 40.67
143.750000 -21.500000 nan
144.000000 -21.500000 nan
144.250000 -21.500000 nan
144.500000 -21.500000 nan
144.750000 -21.500000 nan
145.000000 -21.500000 nan
145.250000 -21.500000 nan
145.500000 -21.500000 nan
145.750000 -21.500000 nan
146.000000 -21.500000 nan
146.250000 -21.500000 nan
146.500000 -21.500000 nan
129.000000 -21.250000 nan
129.250000 -21.250000 38.47
129.500000 -21.250000 39.04
129.750000 -21.250000 41.26
130.000000 -21.250000 44.33
130.250000 -21.250000 46.15
130.500000 -21.250000 46.31
130.750000 -21.250000 45.06
131.000000 -21.250000 44.53
131.250000 -21.250000 44.04
131.500000 -21.250000 45.02
131.750000 -21.250000 45.67
132.000000 -21.250000 46.43
132.250000 -21.250000 45.65
132.500000 -21.250000 44.50
132.750000 -21.250000 43.36
133.000000 -21.250000 37.85
133.250000 -21.250000 45.31
133.500000 -21.250000 42.65
133.750000 -21.250000 39.18
134.000000 -21.250000 39.49
134.250000 -21.250000 40.63
134.500000 -21.250000 41.01
134.750000 -21.250000 39.71
135.000000 -21.250000 40.00
135.250000 -21.250000 42.41
135.500000 -21.250000 45.32
135.750000 -21.250000 42.49
136.000000 -21.250000 42.14
136.250000 -21.250000 40.79
136.500000 -21.250000 38.63
136.750000 -21.250000 38.09
137.000000 -21.250000 38.64
137.250000 -21.250000 39.43
137.500000 -21.250000 41.44
137.750000 -21.250000 41.67
138.000000 -21.250000 43.35
138.250000 -21.250000 42.67
138.500000 -21.250000 42.38
138.750000 -21.250000 40.51
139.000000 -21.250000 41.58
139.250000 -21.250000 43.47
139.500000 -21.250000 51.72
139.750000 -21.250000 54.51
140.000000 -21.250000 48.15
140.250000 -21.250000 39.64
140.500000 -21.250000 40.69
140.750000 -21.250000 41.63
141.000000 -21.250000 40.73
141.250000 -21.250000 40.74
141.500000 -21.250000 40.76
141.750000 -21.250000 40.77
142.000000 -21.250000 40.99
142.250000 -21.250000 40.34
142.500000 -21.250000 38.59
142.750000 -21.250000 37.40
143.000000 -21.250000 39.24
143.250000 -21.250000 35.13
143.500000 -21.250000 nan
143.750000 -21.250000 nan
144.000000 -21.250000 nan
144.250000 -21.250000 nan
144.500000 -21.250000 nan
144.750000 -21.250000 nan
145.000000 -21.250000 nan
145.250000 -21.250000 nan
145.500000 -21.250000 nan
145.750000 -21.250000 nan
146.000000 -21.250000 nan
146.250000 -21.250000 nan
146.500000 -21.250000 nan
129.000000 -21.000000 nan
129.250000 -21.000000 38.61
129.500000 -21.000000 39.90
129.750000 -21.000000 42.12
130.000000 -21.000000 44.35
130.250000 -21.000000 46.17
130.500000 -21.000000 47.98
130.750000 -21.000000 47.48
131.000000 -21.000000 46.99
131.250000 -21.000000 46.49
131.500000 -21.000000 45.99
131.750000 -21.000000 46.65
132.000000 -21.000000 47.30
132.250000 -21.000000 46.15
132.500000 -21.000000 44.99
132.750000 -21.000000 43.94
133.000000 -21.000000 42.95
133.250000 -21.000000 41.78
133.500000 -21.000000 37.98
133.750000 -21.000000 38.40
134.000000 -21.000000 39.03
134.250000 -21.000000 41.01
134.500000 -21.000000 42.99
134.750000 -21.000000 41.71
135.000000 -21.000000 40.40
135.250000 -21.000000 43.31
135.500000 -21.000000 46.17
135.750000 -21.000000 43.15
136.000000 -21.000000 40.36
136.250000 -21.000000 39.23
136.500000 -21.000000 38.14
136.750000 -21.000000 38.49
137.000000 -21.000000 39.23
137.250000 -21.000000 39.97
137.500000 -21.000000 40.78
137.750000 -21.000000 42.85
138.000000 -21.000000 44.84
138.250000 -21.000000 44.54
138.500000 -21.000000 44.25
138.750000 -21.000000 40.86
139.000000 -21.000000 40.59
139.250000 -21.000000 44.43
139.500000 -21.000000 58.36
139.750000 -21.000000 49.14
140.000000 -21.000000 39.99
140.250000 -21.000000 43.05
140.500000 -21.000000 43.31
140.750000 -21.000000 42.97
141.000000 -21.000000 40.61
141.250000 -21.000000 40.75
141.500000 -21.000000 40.89
141.750000 -21.000000 40.94
142.000000 -21.000000 40.96
142.250000 -21.000000 38.93
142.500000 -21.000000 36.98
142.750000 -21.000000 36.82
143.000000 -21.000000 36.49
143.250000 -21.000000 39.05
143.500000 -21.000000 nan
143.750000 -21.000000 nan
144.000000 -21.000000 nan
144.250000 -21.000000 nan
144.500000 -21.000000 nan
144.750000 -21.000000 nan
145.000000 -21.000000 nan
145.250000 -21.000000 nan
145.500000 -21.000000 nan
145.750000 -21.000000 nan
146.000000 -21.000000 nan
146.250000 -21.000000 nan
146.500000 -21.000000 nan
129.000000 -20.750000 nan
129.250000 -20.750000 39.17
129.500000 -20.750000 38.93
129.750000 -20.750000 41.11
130.000000 -20.750000 42.34
130.250000 -20.750000 44.14
130.500000 -20.750000 44.27
130.750000 -20.750000 44.31
131.000000 -20.750000 43.81
131.250000 -20.750000 43.32
131.500000 -20.750000 42.88
131.750000 -20.750000 46.77
132.000000 -20.750000 47.31
132.250000 -20.750000 43.92
132.500000 -20.750000 42.76
132.750000 -20.750000 41.73
133.000000 -20.750000 42.16
133.250000 -20.750000 41.43
133.500000 -20.750000 38.83
133.750000 -20.750000 38.15
134.000000 -20.750000 38.55
134.250000 -20.750000 40.47
134.500000 -20.750000 42.44
134.750000 -20.750000 41.85
135.000000 -20.750000 40.66
135.250000 -20.750000 45.42
135.500000 -20.750000 48.16
135.750000 -20.750000 44.98
136.000000 -20.750000 40.51
136.250000 -20.750000 39.61
136.500000 -20.750000 38.53
136.750000 -20.750000 39.08
137.000000 -20.750000 39.82
137.250000 -20.750000 40.56
137.500000 -20.750000 41.30
137.750000 -20.750000 42.13
138.000000 -20.750000 44.11
138.250000 -20.750000 43.44
138.500000 -20.750000 43.21
138.750000 -20.750000 41.80
139.000000 -20.750000 40.82
139.250000 -20.750000 44.34
139.500000 -20.750000 45.67
139.750000 -20.750000 42.19
140.000000 -20.750000 42.77
140.250000 -20.750000 46.29
140.500000 -20.750000 47.61
140.750000 -20.750000 45.13
141.000000 -20.750000 42.65
141.250000 -20.750000 40.25
141.500000 -20.750000 40.39
141.750000 -20.750000 40.70
142.000000 -20.750000 39.42
142.250000 -20.750000 37.39
142.500000 -20.750000 36.25
142.750000 -20.750000 39.25
143.000000 -20.750000 35.25
143.250000 -20.750000 nan
143.500000 -20.750000 nan
143.750000 -20.750000 nan
144.000000 -20.750000 nan
144.250000 -20.750000 nan
144.500000 -20.750000 nan
144.750000 -20.750000 nan
145.000000 -20.750000 nan
145.250000 -20.750000 nan
145.500000 -20.750000 nan
145.750000 -20.750000 nan
146.000000 -20.750000 nan
146.250000 -20.750000 nan
146.500000 -20.750000 nan
129.000000 -20.500000 nan
129.250000 -20.500000 38.59
129.500000 -20.500000 37.97
129.750000 -20.500000 39.15
130.000000 -20.500000 40.33
130.250000 -20.500000 40.50
130.500000 -20.500000 40.55
130.750000 -20.500000 40.60
131.000000 -20.500000 40.64
131.250000 -20.500000 40.19
131.500000 -20.500000 39.76
131.750000 -20.500000 43.71
132.000000 -20.500000 47.21
132.250000 -20.500000 43.90
132.500000 -20.500000 40.54
132.750000 -20.500000 40.95
133.000000 -20.500000 41.38
133.250000 -20.500000 40.69
133.500000 -20.500000 39.95
133.750000 -20.500000 39.73
134.000000 -20.500000 38.84
134.250000 -20.500000 40.49
134.500000 -20.500000 42.35
134.750000 -20.500000 42.15
135.000000 -20.500000 40.92
135.250000 -20.500000 45.72
135.500000 -20.500000 50.06
135.750000 -20.500000 45.36
136.000000 -20.500000 40.66
136.250000 -20.500000 39.75
136.500000 -20.500000 38.93
136.750000 -20.500000 39.67
137.000000 -20.500000 40.41
137.250000 -20.500000 41.15
137.500000 -20.500000 41.89
137.750000 -20.500000 42.63
138.000000 -20.500000 43.34
138.250000 -20.500000 42.66
138.500000 -20.500000 41.99
138.750000 -20.500000 41.55
139.000000 -20.500000 41.01
139.250000 -20.500000 42.50
139.500000 -20.500000 44.00
139.750000 -20.500000 41.04
140.000000 -20.500000 42.16
140.250000 -20.500000 43.28
140.500000 -20.500000 45.07
140.750000 -20.500000 44.47
141.000000 -20.500000 42.52
141.250000 -20.500000 40.57
141.500000 -20.500000 40.25
141.750000 -20.500000 41.53
142.000000 -20.500000 37.87
142.250000 -20.500000 36.91
142.500000 -20.500000 36.01
142.750000 -20.500000 40.23
143.000000 -20.500000 37.42
143.250000 -20.500000 nan
143.500000 -20.500000 nan
143.750000 -20.500000 nan
144.000000 -20.500000 nan
144.250000 -20.500000 nan
144.500000 -20.500000 nan
144.750000 -20.500000 nan
145.000000 -20.500000 nan
145.250000 -20.500000 nan
145.500000 -20.500000 nan
145.750000 -20.500000 nan
146.000000 -20.500000 nan
146.250000 -20.500000 nan
146.500000 -20.500000 nan
129.000000 -20.250000 nan
129.250000 -20.250000 38.89
129.500000 -20.250000 37.91
129.750000 -20.250000 37.42
130.000000 -20.250000 38.58
130.250000 -20.250000 39.64
130.500000 -20.250000 39.72
130.750000 -20.250000 39.78
131.000000 -20.250000 38.36
131.250000 -20.250000 37.90
131.500000 -20.250000 37.40
131.750000 -20.250000 41.24
132.000000 -20.250000 41.57
132.250000 -20.250000 38.26
132.500000 -20.250000 39.56
132.750000 -20.250000 40.00
133.000000 -20.250000 40.68
133.250000 -20.250000 40.37
133.500000 -20.250000 45.21
133.750000 -20.250000 41.76
134.000000 -20.250000 40.86
134.250000 -20.250000 42.63
134.500000 -20.250000 42.50
134.750000 -20.250000 42.33
135.000000 -20.250000 41.81
135.250000 -20.250000 45.53
135.500000 -20.250000 48.81
135.750000 -20.250000 46.47
136.000000 -20.250000 41.81
136.250000 -20.250000 40.86
136.500000 -20.250000 39.89
136.750000 -20.250000 39.94
137.000000 -20.250000 40.68
137.250000 -20.250000 41.42
137.500000 -20.250000 42.17
137.750000 -20.250000 43.67
138.000000 -20.250000 42.29
138.250000 -20.250000 41.30
138.500000 -20.250000 40.62
138.750000 -20.250000 39.76
139.000000 -20.250000 40.93
139.250000 -20.250000 41.74
139.500000 -20.250000 43.24
139.750000 -20.250000 39.88
140.000000 -20.250000 38.20
140.250000 -20.250000 35.94
140.500000 -20.250000 38.22
140.750000 -20.250000 42.16
141.000000 -20.250000 40.21
141.250000 -20.250000 40.00
141.500000 -20.250000 40.37
141.750000 -20.250000 38.68
142.000000 -20.250000 35.95
142.250000 -20.250000 35.24
142.500000 -20.250000 39.25
142.750000 -20.250000 35.37
143.000000 -20.250000 nan
143.250000 -20.250000 nan
143.500000 -20.250000 nan
143.750000 -20.250000 nan
144.000000 -20.250000 nan
144.250000 -20.250000 nan
144.500000 -20.250000 nan
144.750000 -20.250000 nan
145.000000 -20.250000 nan
145.250000 -20.250000 nan
145.500000 -20.250000 nan
145.750000 -20.250000 nan
146.000000 -20.250000 nan
146.250000 -20.250000 nan
146.500000 -20.250000 nan
129.000000 -20.000000 nan
129.250000 -20.000000 38.98
129.500000 -20.000000 37.89
129.750000 -20.000000 37.40
130.000000 -20.000000 36.96
130.250000 -20.000000 37.91
130.500000 -20.000000 38.93
130.750000 -20.000000 37.50
131.000000 -20.000000 36.09
131.250000 -20.000000 35.58
131.500000 -20.000000 35.07
131.750000 -20.000000 35.49
132.000000 -20.000000 35.93
132.250000 -20.000000 37.25
132.500000 -20.000000 38.60
132.750000 -20.000000 39.28
133.000000 -20.000000 39.96
133.250000 -20.000000 44.82
133.500000 -20.000000 49.78
133.750000 -20.000000 46.34
134.000000 -20.000000 42.91
134.250000 -20.000000 42.58
134.500000 -20.000000 42.14
134.750000 -20.000000 42.00
135.000000 -20.000000 43.00
135.250000 -20.000000 48.01
135.500000 -20.000000 47.80
135.750000 -20.000000 45.30
136.000000 -20.000000 43.02
136.250000 -20.000000 41.89
136.500000 -20.000000 40.92
136.750000 -20.000000 40.84
137.000000 -20.000000 40.97
137.250000 -20.000000 42.47
137.500000 -20.000000 43.97
137.750000 -20.000000 42.67
138.000000 -20.000000 41.25
138.250000 -20.000000 40.24
138.500000 -20.000000 39.24
138.750000 -20.000000 37.64
139.000000 -20.000000 40.83
139.250000 -20.000000 41.66
139.500000 -20.000000 42.48
139.750000 -20.000000 43.92
140.000000 -20.000000 43.45
140.250000 -20.000000 40.14
140.500000 -20.000000 36.75
140.750000 -20.000000 37.21
141.000000 -20.000000 40.49
141.250000 -20.000000 40.39
141.500000 -20.000000 38.24
141.750000 -20.000000 35.81
142.000000 -20.000000 35.24
142.250000 -20.000000 39.36
142.500000 -20.000000 43.75
142.750000 -20.000000 35.79
143.000000 -20.000000 nan
143.250000 -20.000000 nan
143.500000 -20.000000 nan
143.750000 -20.000000 nan
144.000000 -20.000000 nan
144.250000 -20.000000 nan
144.500000 -20.000000 nan
144.750000 -20.000000 nan
145.000000 -20.000000 nan
145.250000 -20.000000 nan
145.500000 -20.000000 nan
145.750000 -20.000000 nan
146.000000 -20.000000 nan
146.250000 -20.000000 nan
146.500000 -20.000000 nan
129.000000 -19.750000 nan
129.250000 -19.750000 39.98
129.500000 -19.750000 39.38
129.750000 -19.750000 38.71
130.000000 -19.750000 37.98
130.250000 -19.750000 37.25
130.500000 -19.750000 38.21
130.750000 -19.750000 36.80
131.000000 -19.750000 36.13
131.250000 -19.750000 35.47
131.500000 -19.750000 34.95
131.750000 -19.750000 34.48
132.000000 -19.750000 34.90
132.250000 -19.750000 35.66
132.500000 -19.750000 37.00
132.750000 -19.750000 37.67
133.000000 -19.750000 38.28
133.250000 -19.750000 42.89
133.500000 -19.750000 44.07
133.750000 -19.750000 40.48
134.000000 -19.750000 45.25
134.250000 -19.750000 42.26
134.500000 -19.750000 41.78
134.750000 -19.750000 42.52
135.000000 -19.750000 49.17
135.250000 -19.750000 51.36
135.500000 -19.750000 47.46
135.750000 -19.750000 45.05
136.000000 -19.750000 47.40
136.250000 -19.750000 46.08
136.500000 -19.750000 42.82
136.750000 -19.750000 40.75
137.000000 -19.750000 40.74
137.250000 -19.750000 42.26
137.500000 -19.750000 43.07
137.750000 -19.750000 43.17
138.000000 -19.750000 41.75
138.250000 -19.750000 40.75
138.500000 -19.750000 39.36
138.750000 -19.750000 38.64
139.000000 -19.750000 41.41
139.250000 -19.750000 42.50
139.500000 -19.750000 41.74
139.750000 -19.750000 45.01
140.000000 -19.750000 46.14
140.250000 -19.750000 44.82
140.500000 -19.750000 41.87
140.750000 -19.750000 38.49
141.000000 -19.750000 39.78
141.250000 -19.750000 37.69
141.500000 -19.750000 36.30
141.750000 -19.750000 35.04
142.000000 -19.750000 35.00
142.250000 -19.750000 40.08
142.500000 -19.750000 40.12
142.750000 -19.750000 nan
143.000000 -19.750000 nan
143.250000 -19.750000 nan
143.500000 -19.750000 nan
143.750000 -19.750000 nan
144.000000 -19.750000 nan
144.250000 -19.750000 nan
144.500000 -19.750000 nan
144.750000 -19.750000 nan
145.000000 -19.750000 nan
145.250000 -19.750000 nan
145.500000 -19.750000 nan
145.750000 -19.750000 nan
146.000000 -19.750000 nan
146.250000 -19.750000 nan
146.500000 -19.750000 nan
129.000000 -19.500000 nan
129.250000 -19.500000 41.24
129.500000 -19.500000 40.51
129.750000 -19.500000 39.77
130.000000 -19.500000 39.04
130.250000 -19.500000 38.31
130.500000 -19.500000 37.58
130.750000 -19.500000 36.88
131.000000 -19.500000 36.20
131.250000 -19.500000 35.52
131.500000 -19.500000 34.85
131.750000 -19.500000 34.38
132.000000 -19.500000 33.90
132.250000 -19.500000 34.67
132.500000 -19.500000 35.44
132.750000 -19.500000 35.99
133.000000 -19.500000 36.59
133.250000 -19.500000 37.69
133.500000 -19.500000 38.51
133.750000 -19.500000 42.61
134.000000 -19.500000 47.55
134.250000 -19.500000 45.36
134.500000 -19.500000 41.48
134.750000 -19.500000 48.08
135.000000 -19.500000 55.22
135.250000 -19.500000 51.26
135.500000 -19.500000 47.13
135.750000 -19.500000 49.42
136.000000 -19.500000 51.73
136.250000 -19.500000 48.05
136.500000 -19.500000 44.37
136.750000 -19.500000 42.43
137.000000 -19.500000 40.51
137.250000 -19.500000 41.30
137.500000 -19.500000 42.10
137.750000 -19.500000 42.21
138.000000 -19.500000 42.26
138.250000 -19.500000 40.88
138.500000 -19.500000 39.50
138.750000 -19.500000 40.21
139.000000 -19.500000 41.95
139.250000 -19.500000 42.12
139.500000 -19.500000 41.02
139.750000 -19.500000 41.78
140.000000 -19.500000 41.76
140.250000 -19.500000 40.44
140.500000 -19.500000 39.31
140.750000 -19.500000 38.90
141.000000 -19.500000 38.55
141.250000 -19.500000 36.63
141.500000 -19.500000 35.82
141.750000 -19.500000 35.00
142.000000 -19.500000 34.76
142.250000 -19.500000 36.30
142.500000 -19.500000 34.24
142.750000 -19.500000 nan
143.000000 -19.500000 nan
143.250000 -19.500000 nan
143.500000 -19.500000 nan
143.750000 -19.500000 nan
144.000000 -19.500000 nan
144.250000 -19.500000 nan
144.500000 -19.500000 nan
144.750000 -19.500000 nan
145.000000 -19.500000 nan
145.250000 -19.500000 nan
145.500000 -19.500000 nan
145.750000 -19.500000 nan
146.000000 -19.500000 nan
146.250000 -19.500000 nan
146.500000 -19.500000 nan
129.000000 -19.250000 nan
129.250000 -19.250000 nan
129.500000 -19.250000 nan
129.750000 -19.250000 nan
130.000000 -19.250000 41.31
130.250000 -19.250000 40.58
130.500000 -19.250000 39.85
130.750000 -19.250000 39.11
131.000000 -19.250000 38.38
131.250000 -19.250000 37.30
131.500000 -19.250000 36.62
131.750000 -19.250000 35.94
132.000000 -19.250000 35.31
132.250000 -19.250000 37.08
132.500000 -19.250000 36.62
132.750000 -19.250000 37.84
133.000000 -19.250000 38.60
133.250000 -19.250000 38.97
133.500000 -19.250000 40.15
133.750000 -19.250000 44.71
134.000000 -19.250000 47.18
134.250000 -19.250000 45.44
134.500000 -19.250000 41.77
134.750000 -19.250000 42.45
135.000000 -19.250000 49.13
135.250000 -19.250000 55.11
135.500000 -19.250000 51.19
135.750000 -19.250000 49.79
136.000000 -19.250000 51.78
136.250000 -19.250000 48.25
136.500000 -19.250000 46.95
136.750000 -19.250000 45.65
137.000000 -19.250000 43.76
137.250000 -19.250000 43.70
137.500000 -19.250000 44.48
137.750000 -19.250000 44.53
138.000000 -19.250000 42.97
138.250000 -19.250000 40.38
138.500000 -19.250000 39.00
138.750000 -19.250000 39.88
139.000000 -19.250000 41.24
139.250000 -19.250000 41.89
139.500000 -19.250000 42.01
139.750000 -19.250000 40.51
140.000000 -19.250000 38.96
140.250000 -19.250000 38.35
140.500000 -19.250000 37.94
140.750000 -19.250000 38.20
141.000000 -19.250000 38.00
141.250000 -19.250000 35.67
141.500000 -19.250000 34.66
141.750000 -19.250000 34.07
142.000000 -19.250000 34.36
142.250000 -19.250000 34.68
142.500000 -19.250000 nan
142.750000 -19.250000 nan
143.000000 -19.250000 nan
143.250000 -19.250000 nan
143.500000 -19.250000 nan
143.750000 -19.250000 nan
144.000000 -19.250000 nan
144.250000 -19.250000 nan
144.500000 -19.250000 nan
144.750000 -19.250000 nan
145.000000 -19.250000 nan
145.250000 -19.250000 nan
145.500000 -19.250000 nan
145.750000 -19.250000 nan
146.000000 -19.250000 nan
146.250000 -19.250000 nan
146.500000 -19.250000 nan
129.000000 -19.000000 nan
129.250000 -19.000000 nan
129.500000 -19.000000 nan
129.750000 -19.000000 nan
130.000000 -19.000000 nan
130.250000 -19.000000 nan
130.500000 -19.000000 nan
130.750000 -19.000000 41.38
131.000000 -19.000000 40.65
131.250000 -19.000000 39.92
131.500000 -19.000000 39.19
131.750000 -19.000000 38.17
132.000000 -19.000000 37.04
132.250000 -19.000000 36.36
132.500000 -19.000000 35.69
132.750000 -19.000000 39.81
133.000000 -19.000000 39.34
133.250000 -19.000000 40.58
133.500000 -19.000000 41.86
133.750000 -19.000000 44.12
134.000000 -19.000000 46.38
134.250000 -19.000000 45.46
134.500000 -19.000000 42.06
134.750000 -19.000000 42.74
135.000000 -19.000000 43.42
135.250000 -19.000000 49.77
135.500000 -19.000000 55.08
135.750000 -19.000000 53.55
136.000000 -19.000000 52.07
136.250000 -19.000000 50.79
136.500000 -19.000000 49.51
136.750000 -19.000000 48.23
137.000000 -19.000000 46.99
137.250000 -19.000000 46.84
137.500000 -19.000000 46.71
137.750000 -19.000000 45.33
138.000000 -19.000000 43.70
138.250000 -19.000000 41.10
138.500000 -19.000000 38.51
138.750000 -19.000000 39.85
139.000000 -19.000000 40.52
139.250000 -19.000000 41.61
139.500000 -19.000000 42.99
139.750000 -19.000000 41.69
140.000000 -19.000000 40.44
140.250000 -19.000000 38.51
140.500000 -19.000000 36.57
140.750000 -19.000000 38.54
141.000000 -19.000000 38.35
141.250000 -19.000000 35.52
141.500000 -19.000000 34.76
141.750000 -19.000000 35.05
142.000000 -19.000000 35.34
142.250000 -19.000000 nan
142.500000 -19.000000 nan
142.750000 -19.000000 nan
143.000000 -19.000000 nan
143.250000 -19.000000 nan
143.500000 -19.000000 nan
143.750000 -19.000000 nan
144.000000 -19.000000 nan
144.250000 -19.000000 nan
144.500000 -19.000000 nan
144.750000 -19.000000 nan
145.000000 -19.000000 nan
145.250000 -19.000000 nan
145.500000 -19.000000 nan
145.750000 -19.000000 nan
146.000000 -19.000000 nan
146.250000 -19.000000 nan
146.500000 -19.000000 nan
129.000000 -18.750000 nan
129.250000 -18.750000 nan
129.500000 -18.750000 nan
129.750000 -18.750000 nan
130.000000 -18.750000 nan
130.250000 -18.750000 nan
130.500000 -18.750000 nan
130.750000 -18.750000 nan
131.000000 -18.750000 nan
131.250000 -18.750000 nan
131.500000 -18.750000 41.45
131.750000 -18.750000 40.72
132.000000 -18.750000 39.99
132.250000 -18.750000 39.26
132.500000 -18.750000 37.52
132.750000 -18.750000 36.78
133.000000 -18.750000 36.10
133.250000 -18.750000 40.24
133.500000 -18.750000 42.07
133.750000 -18.750000 43.32
134.000000 -18.750000 45.58
134.250000 -18.750000 44.49
134.500000 -18.750000 42.35
134.750000 -18.750000 43.18
135.000000 -18.750000 45.37
135.250000 -18.750000 47.31
135.500000 -18.750000 53.12
135.750000 -18.750000 51.57
136.000000 -18.750000 49.94
136.250000 -18.750000 49.69
136.500000 -18.750000 48.41
136.750000 -18.750000 47.13
137.000000 -18.750000 45.42
137.250000 -18.750000 45.27
137.500000 -18.750000 45.38
137.750000 -18.750000 45.73
138.000000 -18.750000 44.43
138.250000 -18.750000 42.50
138.500000 -18.750000 41.11
138.750000 -18.750000 41.89
139.000000 -18.750000 42.13
139.250000 -18.750000 41.40
139.500000 -18.750000 40.42
139.750000 -18.750000 39.63
140.000000 -18.750000 38.86
140.250000 -18.750000 39.12
140.500000 -18.750000 39.25
140.750000 -18.750000 40.15
141.000000 -18.750000 39.95
141.250000 -18.750000 39.66
141.500000 -18.750000 37.51
141.750000 -18.750000 36.02
142.000000 -18.750000 36.32
142.250000 -18.750000 nan
142.500000 -18.750000 nan
142.750000 -18.750000 nan
143.000000 -18.750000 nan
143.250000 -18.750000 nan
143.500000 -18.750000 nan
143.750000 -18.750000 nan
144.000000 -18.750000 nan
144.250000 -18.750000 nan
144.500000 -18.750000 nan
144.750000 -18.750000 nan
145.000000 -18.750000 nan
145.250000 -18.750000 nan
145.500000 -18.750000 nan
145.750000 -18.750000 nan
146.000000 -18.750000 nan
146.250000 -18.750000 nan
146.500000 -18.750000 nan
129.000000 -18.500000 nan
129.250000 -18.500000 nan
129.500000 -18.500000 nan
129.750000 -18.500000 nan
130.000000 -18.500000 nan
130.250000 -18.500000 nan
130.500000 -18.500000 nan
130.750000 -18.500000 nan
131.000000 -18.500000 nan
131.250000 -18.500000 nan
131.500000 -18.500000 nan
131.750000 -18.500000 nan
132.000000 -18.500000 nan
132.250000 -18.500000 41.53
132.500000 -18.500000 40.79
132.750000 -18.500000 40.06
133.000000 -18.500000 38.68
133.250000 -18.500000 37.20
133.500000 -18.500000 36.52
133.750000 -18.500000 40.62
134.000000 -18.500000 44.78
134.250000 -18.500000 43.51
134.500000 -18.500000 42.98
134.750000 -18.500000 45.18
135.000000 -18.500000 47.38
135.250000 -18.500000 49.30
135.500000 -18.500000 51.17
135.750000 -18.500000 49.27
136.000000 -18.500000 47.56
136.250000 -18.500000 48.58
136.500000 -18.500000 47.30
136.750000 -18.500000 46.00
137.000000 -18.500000 43.85
137.250000 -18.500000 43.70
137.500000 -18.500000 44.06
137.750000 -18.500000 44.42
138.000000 -18.500000 44.72
138.250000 -18.500000 44.18
138.500000 -18.500000 43.63
138.750000 -18.500000 42.37
139.000000 -18.500000 41.08
139.250000 -18.500000 40.03
139.500000 -18.500000 38.97
139.750000 -18.500000 38.06
140.000000 -18.500000 37.28
140.250000 -18.500000 37.54
140.500000 -18.500000 31.73
140.750000 -18.500000 38.58
141.000000 -18.500000 41.12
141.250000 -18.500000 42.30
141.500000 -18.500000 41.07
141.750000 -18.500000 38.66
142.000000 -18.500000 nan
142.250000 -18.500000 nan
142.500000 -18.500000 nan
142.750000 -18.500000 nan
143.000000 -18.500000 nan
143.250000 -18.500000 nan
143.500000 -18.500000 nan
143.750000 -18.500000 nan
144.000000 -18.500000 nan
144.250000 -18.500000 nan
144.500000 -18.500000 nan
144.750000 -18.500000 nan
145.000000 -18.500000 nan
145.250000 -18.500000 nan
145.500000 -18.500000 nan
145.750000 -18.500000 nan
146.000000 -18.500000 nan
146.250000 -18.500000 nan
146.500000 -18.500000 nan
129.000000 -18.250000 nan
129.250000 -18.250000 nan
129.500000 -18.250000 nan
129.750000 -18.250000 nan
130.000000 -18.250000 nan
130.250000 -18.250000 nan
130.500000 -18.250000 nan
130.750000 -18.250000 nan
131.000000 -18.250000 nan
131.250000 -18.250000 nan
131.500000 -18.250000 nan
131.750000 -18.250000 nan
132.000000 -18.250000 nan
132.250000 -18.250000 nan
132.500000 -18.250000 nan
132.750000 -18.250000 nan
133.000000 -18.250000 41.60
133.250000 -18.250000 40.86
133.500000 -18.250000 39.85
133.750000 -18.250000 38.02
134.000000 -18.250000 36.94
134.250000 -18.250000 41.01
134.500000 -18.250000 40.39
134.750000 -18.250000 47.18
135.000000 -18.250000 49.37
135.250000 -18.250000 51.30
135.500000 -18.250000 49.22
135.750000 -18.250000 46.98
136.000000 -18.250000 45.17
136.250000 -18.250000 46.38
136.500000 -18.250000 46.20
136.750000 -18.250000 44.46
137.000000 -18.250000 42.31
137.250000 -18.250000 42.38
137.500000 -18.250000 42.82
137.750000 -18.250000 43.35
138.000000 -18.250000 43.74
138.250000 -18.250000 43.19
138.500000 -18.250000 42.05
138.750000 -18.250000 40.77
139.000000 -18.250000 39.72
139.250000 -18.250000 38.66
139.500000 -18.250000 37.60
139.750000 -18.250000 36.55
140.000000 -18.250000 35.70
140.250000 -18.250000 32.95
140.500000 -18.250000 33.09
140.750000 -18.250000 37.93
141.000000 -18.250000 37.90
141.250000 -18.250000 36.10
141.500000 -18.250000 nan
141.750000 -18.250000 nan
142.000000 -18.250000 nan
142.250000 -18.250000 nan
142.500000 -18.250000 nan
142.750000 -18.250000 nan
143.000000 -18.250000 nan
143.250000 -18.250000 nan
143.500000 -18.250000 nan
143.750000 -18.250000 nan
144.000000 -18.250000 nan
144.250000 -18.250000 nan
144.500000 -18.250000 nan
144.750000 -18.250000 nan
145.000000 -18.250000 nan
145.250000 -18.250000 nan
145.500000 -18.250000 nan
145.750000 -18.250000 nan
146.000000 -18.250000 nan
146.250000 -18.250000 nan
146.500000 -18.250000 nan
129.000000 -18.000000 nan
129.250000 -18.000000 nan
129.500000 -18.000000 nan
129.750000 -18.000000 nan
130.000000 -18.000000 nan
130.250000 -18.000000 nan
130.500000 -18.000000 nan
130.750000 -18.000000 nan
131.000000 -18.000000 nan
131.250000 -18.000000 nan
131.500000 -18.000000 nan
131.750000 -18.000000 nan
132.000000 -18.000000 nan
132.250000 -18.000000 nan
132.500000 -18.000000 nan
132.750000 -18.000000 nan
133.000000 -18.000000 nan
133.250000 -18.000000 nan
133.500000 -18.000000 nan
133.750000 -18.000000 41.67
134.000000 -18.000000 40.94
134.250000 -18.000000 39.19
134.500000 -18.000000 37.37
134.750000 -18.000000 44.50
135.000000 -18.000000 51.37
135.250000 -18.000000 49.45
135.500000 -18.000000 47.27
135.750000 -18.000000 45.03
136.000000 -18.000000 42.79
136.250000 -18.000000 43.99
136.500000 -18.000000 45.08
136.750000 -18.000000 42.92
137.000000 -18.000000 40.80
137.250000 -18.000000 41.24
137.500000 -18.000000 41.76
137.750000 -18.000000 42.28
138.000000 -18.000000 42.74
138.250000 -18.000000 41.60
138.500000 -18.000000 40.46
138.750000 -18.000000 39.41
139.000000 -18.000000 38.35
139.250000 -18.000000 37.29
139.500000 -18.000000 36.24
139.750000 -18.000000 35.18
140.000000 -18.000000 34.12
140.250000 -18.000000 34.39
140.500000 -18.000000 34.72
140.750000 -18.000000 nan
141.000000 -18.000000 nan
141.250000 -18.000000 nan
141.500000 -18.000000 nan
141.750000 -18.000000 nan
142.000000 -18.000000 nan
142.250000 -18.000000 nan
142.500000 -18.000000 nan
142.750000 -18.000000 nan
143.000000 -18.000000 nan
143.250000 -18.000000 nan
143.500000 -18.000000 nan
143.750000 -18.000000 nan
144.000000 -18.000000 nan
144.250000 -18.000000 nan
144.500000 -18.000000 nan
144.750000 -18.000000 nan
145.000000 -18.000000 nan
145.250000 -18.000000 nan
145.500000 -18.000000 nan
145.750000 -18.000000 nan
146.000000 -18.000000 nan
146.250000 -18.000000 nan
146.500000 -18.000000 nan
129.000000 -17.750000 nan
129.250000 -17.750000 nan
129.500000 -17.750000 nan
129.750000 -17.750000 nan
130.000000 -17.750000 nan
130.250000 -17.750000 nan
130.500000 -17.750000 nan
130.750000 -17.750000 nan
131.000000 -17.750000 nan
131.250000 -17.750000 nan
131.500000 -17.750000 nan
131.750000 -17.750000 nan
132.000000 -17.750000 nan
132.250000 -17.750000 nan
132.500000 -17.750000 nan
132.750000 -17.750000 nan
133.000000 -17.750000 nan
133.250000 -17.750000 nan
133.500000 -17.750000 nan
133.750000 -17.750000 nan
134.000000 -17.750000 nan
134.250000 -17.750000 nan
134.500000 -17.750000 41.74
134.750000 -17.750000 40.35
135.000000 -17.750000 45.94
135.250000 -17.750000 44.67
135.500000 -17.750000 49.49
135.750000 -17.750000 47.39
136.000000 -17.750000 42.86
136.250000 -17.750000 43.99
136.500000 -17.750000 42.32
136.750000 -17.750000 42.71
137.000000 -17.750000 40.59
137.250000 -17.750000 40.72
137.500000 -17.750000 41.23
137.750000 -17.750000 41.75
138.000000 -17.750000 41.40
138.250000 -17.750000 40.27
138.500000 -17.750000 39.21
138.750000 -17.750000 38.16
139.000000 -17.750000 37.38
139.250000 -17.750000 nan
139.500000 -17.750000 nan
139.750000 -17.750000 nan
140.000000 -17.750000 nan
140.250000 -17.750000 nan
140.500000 -17.750000 nan
140.750000 -17.750000 nan
141.000000 -17.750000 nan
141.250000 -17.750000 nan
141.500000 -17.750000 nan
141.750000 -17.750000 nan
142.000000 -17.750000 nan
142.250000 -17.750000 nan
142.500000 -17.750000 nan
142.750000 -17.750000 nan
143.000000 -17.750000 nan
143.250000 -17.750000 nan
143.500000 -17.750000 nan
143.750000 -17.750000 nan
144.000000 -17.750000 nan
144.250000 -17.750000 nan
144.500000 -17.750000 nan
144.750000 -17.750000 nan
145.000000 -17.750000 nan
145.250000 -17.750000 nan
145.500000 -17.750000 nan
145.750000 -17.750000 nan
146.000000 -17.750000 nan
146.250000 -17.750000 nan
146.500000 -17.750000 nan
129.000000 -17.500000 nan
129.250000 -17.500000 nan
129.500000 -17.500000 nan
129.750000 -17.500000 nan
130.000000 -17.500000 nan
130.250000 -17.500000 nan
130.500000 -17.500000 nan
130.750000 -17.500000 nan
131.000000 -17.500000 nan
131.250000 -17.500000 nan
131.500000 -17.500000 nan
131.750000 -17.500000 nan
132.000000 -17.500000 nan
132.250000 -17.500000 nan
132.500000 -17.500000 nan
132.750000 -17.500000 nan
133.000000 -17.500000 nan
133.250000 -17.500000 nan
133.500000 -17.500000 nan
133.750000 -17.500000 nan
134.000000 -17.500000 nan
134.250000 -17.500000 nan
134.500000 -17.500000 nan
134.750000 -17.500000 nan
135.000000 -17.500000 nan
135.250000 -17.500000 nan
135.500000 -17.500000 nan
135.750000 -17.500000 nan
136.000000 -17.500000 nan
136.250000 -17.500000 nan
136.500000 -17.500000 nan
136.750000 -17.500000 43.32
137.000000 -17.500000 40.10
137.250000 -17.500000 40.47
137.500000 -17.500000 40.70
137.750000 -17.500000 nan
138.000000 -17.500000 nan
138.250000 -17.500000 nan
138.500000 -17.500000 nan
138.750000 -17.500000 nan
139.000000 -17.500000 nan
139.250000 -17.500000 nan
139.500000 -17.500000 nan
139.750000 -17.500000 nan
140.000000 -17.500000 nan
140.250000 -17.500000 nan
140.500000 -17.500000 nan
140.750000 -17.500000 nan
141.000000 -17.500000 nan
141.250000 -17.500000 nan
141.500000 -17.500000 nan
141.750000 -17.500000 nan
142.000000 -17.500000 nan
142.250000 -17.500000 nan
142.500000 -17.500000 nan
142.750000 -17.500000 nan
143.000000 -17.500000 nan
143.250000 -17.500000 nan
143.500000 -17.500000 nan
143.750000 -17.500000 nan
144.000000 -17.500000 nan
144.250000 -17.500000 nan
144.500000 -17.500000 nan
144.750000 -17.500000 nan
145.000000 -17.500000 nan
145.250000 -17.500000 nan
145.500000 -17.500000 nan
145.750000 -17.500000 nan
146.000000 -17.500000 nan
146.250000 -17.500000 nan
146.500000 -17.500000 nan
129.000000 -17.250000 nan
129.250000 -17.250000 nan
129.500000 -17.250000 nan
129.750000 -17.250000 nan
130.000000 -17.250000 nan
130.250000 -17.250000 nan
130.500000 -17.250000 nan
130.750000 -17.250000 nan
131.000000 -17.250000 nan
131.250000 -17.250000 nan
131.500000 -17.250000 nan
131.750000 -17.250000 nan
132.000000 -17.250000 nan
132.250000 -17.250000 nan
132.500000 -17.250000 nan
132.750000 -17.250000 nan
133.000000 -17.250000 nan
133.250000 -17.250000 nan
133.500000 -17.250000 nan
133.750000 -17.250000 nan
134.000000 -17.250000 nan
134.250000 -17.250000 nan
134.500000 -17.250000 nan
134.750000 -17.250000 nan
135.000000 -17.250000 nan
135.250000 -17.250000 nan
135.500000 -17.250000 nan
135.750000 -17.250000 nan
136.000000 -17.250000 nan
136.250000 -17.250000 nan
136.500000 -17.250000 nan
136.750000 -17.250000 nan
137.000000 -17.250000 nan
137.250000 -17.250000 nan
137.500000 -17.250000 nan
137.750000 -17.250000 nan
138.000000 -17.250000 nan
138.250000 -17.250000 nan
138.500000 -17.250000 nan
138.750000 -17.250000 nan
139.000000 -17.250000 nan
139.250000 -17.250000 nan
139.500000 -17.250000 nan
139.750000 -17.250000 nan
140.000000 -17.250000 nan
140.250000 -17.250000 nan
140.500000 -17.250000 nan
140.750000 -17.250000 nan
141.000000 -17.250000 nan
141.250000 -17.250000 nan
141.500000 -17.250000 nan
141.750000 -17.250000 nan
142.000000 -17.250000 nan
142.250000 -17.250000 nan
142.500000 -17.250000 nan
142.750000 -17.250000 nan
143.000000 -17.250000 nan
143.250000 -17.250000 nan
143.500000 -17.250000 nan
143.750000 -17.250000 nan
144.000000 -17.250000 nan
144.250000 -17.250000 nan
144.500000 -17.250000 nan
144.750000 -17.250000 nan
145.000000 -17.250000 nan
145.250000 -17.250000 nan
145.500000 -17.250000 nan
145.750000 -17.250000 nan
146.000000 -17.250000 nan
146.250000 -17.250000 nan
146.500000 -17.250000 nan
129.000000 -17.000000 nan
129.250000 -17.000000 nan
129.500000 -17.000000 nan
129.750000 -17.000000 nan
130.000000 -17.000000 nan
130.250000 -17.000000 nan
130.500000 -17.000000 nan
130.750000 -17.000000 nan
131.000000 -17.000000 nan
131.250000 -17.000000 nan
131.500000 -17.000000 nan
131.750000 -17.000000 nan
132.000000 -17.000000 nan
132.250000 -17.000000 nan
132.500000 -17.000000 nan
132.750000 -17.000000 nan
133.000000 -17.000000 nan
133.250000 -17.000000 nan
133.500000 -17.000000 nan
133.750000 -17.000000 nan
134.000000 -17.000000 nan
134.250000 -17.000000 nan
134.500000 -17.000000 nan
134.750000 -17.000000 nan
135.000000 -17.000000 nan
135.250000 -17.000000 nan
135.500000 -17.000000 nan
135.750000 -17.000000 nan
136.000000 -17.000000 nan
136.250000 -17.000000 nan
136.500000 -17.000000 nan
136.750000 -17.000000 nan
137.000000 -17.000000 nan
137.250000 -17.000000 nan
137.500000 -17.000000 nan
137.750000 -17.000000 nan
138.000000 -17.000000 nan
138.250000 -17.000000 nan
138.500000 -17.000000 nan
138.750000 -17.000000 nan
139.000000 -17.000000 nan
139.250000 -17.000000 nan
139.500000 -17.000000 nan
139.750000 -17.000000 nan
140.000000 -17.000000 nan
140.250000 -17.000000 nan
140.500000 -17.000000 nan
140.750000 -17.000000 nan
141.000000 -17.000000 nan
141.250000 -17.000000 nan
141.500000 -17.000000 nan
141.750000 -17.000000 nan
142.000000 -17.000000 nan
142.250000 -17.000000 nan
142.500000 -17.000000 nan
142.750000 -17.000000 nan
143.000000 -17.000000 nan
143.250000 -17.000000 nan
143.500000 -17.000000 nan
143.750000 -17.000000 nan
144.000000 -17.000000 nan
144.250000 -17.000000 nan
144.500000 -17.000000 nan
144.750000 -17.000000 nan
145.000000 -17.000000 nan
145.250000 -17.000000 nan
145.500000 -17.000000 nan
145.750000 -17.000000 nan
146.000000 -17.000000 nan
146.250000 -17.000000 nan
146.500000 -17.000000 nan
129.000000 -16.750000 nan
129.250000 -16.750000 nan
129.500000 -16.750000 nan
129.750000 -16.750000 nan
130.000000 -16.750000 nan
130.250000 -16.750000 nan
130.500000 -16.750000 nan
130.750000 -16.750000 nan
131.000000 -16.750000 nan
131.250000 -16.750000 nan
131.500000 -16.750000 nan
131.750000 -16.750000 nan
132.000000 -16.750000 nan
132.250000 -16.750000 nan
132.500000 -16.750000 nan
132.750000 -16.750000 nan
133.000000 -16.750000 nan
133.250000 -16.750000 nan
133.500000 -16.750000 nan
133.750000 -16.750000 nan
134.000000 -16.750000 nan
134.250000 -16.750000 nan
134.500000 -16.750000 nan
134.750000 -16.750000 nan
135.000000 -16.750000 nan
135.250000 -16.750000 nan
135.500000 -16.750000 nan
135.750000 -16.750000 nan
136.000000 -16.750000 nan
136.250000 -16.750000 nan
136.500000 -16.750000 nan
136.750000 -16.750000 nan
137.000000 -16.750000 nan
137.250000 -16.750000 nan
137.500000 -16.750000 nan
137.750000 -16.750000 nan
138.000000 -16.750000 nan
138.250000 -16.750000 nan
138.500000 -16.750000 nan
138.750000 -16.750000 nan
139.000000 -16.750000 nan
139.250000 -16.750000 nan
139.500000 -16.750000 nan
139.750000 -16.750000 nan
140.000000 -16.750000 nan
140.250000 -16.750000 nan
140.500000 -16.750000 nan
140.750000 -16.750000 nan
141.000000 -16.750000 nan
141.250000 -16.750000 nan
141.500000 -16.750000 nan
141.750000 -16.750000 nan
142.000000 -16.750000 nan
142.250000 -16.750000 nan
142.500000 -16.750000 nan
142.750000 -16.750000 nan
143.000000 -16.750000 nan
143.250000 -16.750000 nan
143.500000 -16.750000 nan
143.750000 -16.750000 nan
144.000000 -16.750000 nan
144.250000 -16.750000 nan
144.500000 -16.750000 nan
144.750000 -16.750000 nan
145.000000 -16.750000 nan
145.250000 -16.750000 nan
145.500000 -16.750000 nan
145.750000 -16.750000 nan
146.000000 -16.750000 nan
146.250000 -16.750000 nan
146.500000 -16.750000 nan
129.000000 -16.500000 nan
129.250000 -16.500000 nan
129.500000 -16.500000 nan
129.750000 -16.500000 nan
130.000000 -16.500000 nan
130.250000 -16.500000 nan
130.500000 -16.500000 nan
130.750000 -16.500000 nan
131.000000 -16.500000 nan
131.250000 -16.500000 nan
131.500000 -16.500000 nan
131.750000 -16.500000 nan
132.000000 -16.500000 nan
132.250000 -16.500000 nan
132.500000 -16.500000 nan
132.750000 -16.500000 nan
133.000000 -16.500000 nan
133.250000 -16.500000 nan
133.500000 -16.500000 nan
133.750000 -16.500000 nan
134.000000 -16.500000 nan
134.250000 -16.500000 nan
134.500000 -16.500000 nan
134.750000 -16.500000 nan
135.000000 -16.500000 nan
135.250000 -16.500000 nan
135.500000 -16.500000 nan
135.750000 -16.500000 nan
136.000000 -16.500000 nan
136.250000 -16.500000 nan
136.500000 -16.500000 nan
136.750000 -16.500000 nan
137.000000 -16.500000 nan
137.250000 -16.500000 nan
137.500000 -16.500000 nan
137.750000 -16.500000 nan
138.000000 -16.500000 nan
138.250000 -16.500000 nan
138.500000 -16.500000 nan
138.750000 -16.500000 nan
139.000000 -16.500000 nan
139.250000 -16.500000 nan
139.500000 -16.500000 nan
139.750000 -16.500000 nan
140.000000 -16.500000 nan
140.250000 -16.500000 nan
140.500000 -16.500000 nan
140.750000 -16.500000 nan
141.000000 -16.500000 nan
141.250000 -16.500000 nan
141.500000 -16.500000 nan
141.750000 -16.500000 nan
142.000000 -16.500000 nan
142.250000 -16.500000 nan
142.500000 -16.500000 nan
142.750000 -16.500000 nan
143.000000 -16.500000 nan
143.250000 -16.500000 nan
143.500000 -16.500000 nan
143.750000 -16.500000 nan
144.000000 -16.500000 nan
144.250000 -16.500000 nan
144.500000 -16.500000 nan
144.750000 -16.500000 nan
145.000000 -16.500000 nan
145.250000 -16.500000 nan
145.500000 -16.500000 nan
145.750000 -16.500000 nan
146.000000 -16.500000 nan
146.250000 -16.500000 nan
146.500000 -16.500000 nan
129.000000 -16.250000 nan
129.250000 -16.250000 nan
129.500000 -16.250000 nan
129.750000 -16.250000 nan
130.000000 -16.250000 nan
130.250000 -16.250000 nan
130.500000 -16.250000 nan
130.750000 -16.250000 nan
131.000000 -16.250000 nan
131.250000 -16.250000 nan
131.500000 -16.250000 nan
131.750000 -16.250000 nan
132.000000 -16.250000 nan
132.250000 -16.250000 nan
132.500000 -16.250000 nan
132.750000 -16.250000 nan
133.000000 -16.250000 nan
133.250000 -16.250000 nan
133.500000 -16.250000 nan
133.750000 -16.250000 nan
134.000000 -16.250000 nan
134.250000 -16.250000 nan
134.500000 -16.250000 nan
134.750000 -16.250000 nan
135.000000 -16.250000 nan
135.250000 -16.250000 nan
135.500000 -16.250000 nan
135.750000 -16.250000 nan
136.000000 -16.250000 nan
136.250000 -16.250000 nan
136.500000 -16.250000 nan
136.750000 -16.250000 nan
137.000000 -16.250000 nan
137.250000 -16.250000 nan
137.500000 -16.250000 nan
137.750000 -16.250000 nan
138.000000 -16.250000 nan
138.250000 -16.250000 nan
138.500000 -16.250000 nan
138.750000 -16.250000 nan
139.000000 -16.250000 nan
139.250000 -16.250000 nan
139.500000 -16.250000 nan
139.750000 -16.250000 nan
140.000000 -16.250000 nan
140.250000 -16.250000 nan
140.500000 -16.250000 nan
140.750000 -16.250000 nan
141.000000 -16.250000 nan
141.250000 -16.250000 nan
141.500000 -16.250000 nan
141.750000 -16.250000 nan
142.000000 -16.250000 nan
142.250000 -16.250000 nan
142.500000 -16.250000 nan
142.750000 -16.250000 nan
143.000000 -16.250000 nan
143.250000 -16.250000 nan
143.500000 -16.250000 nan
143.750000 -16.250000 nan
144.000000 -16.250000 nan
144.250000 -16.250000 nan
144.500000 -16.250000 nan
144.750000 -16.250000 nan
145.000000 -16.250000 nan
145.250000 -16.250000 nan
145.500000 -16.250000 nan
145.750000 -16.250000 nan
146.000000 -16.250000 nan
146.250000 -16.250000 nan
146.500000 -16.250000 nan
129.000000 -16.000000 nan
129.250000 -16.000000 nan
129.500000 -16.000000 nan
129.750000 -16.000000 nan
130.000000 -16.000000 nan
130.250000 -16.000000 nan
130.500000 -16.000000 nan
130.750000 -16.000000 nan
131.000000 -16.000000 nan
131.250000 -16.000000 nan
131.500000 -16.000000 nan
131.750000 -16.000000 nan
132.000000 -16.000000 nan
132.250000 -16.000000 nan
132.500000 -16.000000 nan
132.750000 -16.000000 nan
133.000000 -16.000000 nan
133.250000 -16.000000 nan
133.500000 -16.000000 nan
133.750000 -16.000000 nan
134.000000 -16.000000 nan
134.250000 -16.000000 nan
134.500000 -16.000000 nan
134.750000 -16.000000 nan
135.000000 -16.000000 nan
135.250000 -16.000000 nan
135.500000 -16.000000 nan
135.750000 -16.000000 nan
136.000000 -16.000000 nan
136.250000 -16.000000 nan
136.500000 -16.000000 nan
136.750000 -16.000000 nan
137.000000 -16.000000 nan
137.250000 -16.000000 nan
137.500000 -16.000000 nan
137.750000 -16.000000 nan
138.000000 -16.000000 nan
138.250000 -16.000000 nan
138.500000 -16.000000 nan
138.750000 -16.000000 nan
139.000000 -16.000000 nan
139.250000 -16.000000 nan
139.500000 -16.000000 nan
139.750000 -16.000000 nan
140.000000 -16.000000 nan
140.250000 -16.000000 nan
140.500000 -16.000000 nan
140.750000 -16.000000 nan
141.000000 -16.000000 nan
141.250000 -16.000000 nan
141.500000 -16.000000 nan
141.750000 -16.000000 nan
142.000000 -16.000000 nan
142.250000 -16.000000 nan
142.500000 -16.000000 nan
142.750000 -16.000000 nan
143.000000 -16.000000 nan
143.250000 -16.000000 nan
143.500000 -16.000000 nan
143.750000 -16.000000 nan
144.000000 -16.000000 nan
144.250000 -16.000000 nan
144.500000 -16.000000 nan
144.750000 -16.000000 nan
145.000000 -16.000000 nan
145.250000 -16.000000 nan
145.500000 -16.000000 nan
145.750000 -16.000000 nan
146.000000 -16.000000 nan
146.250000 -16.000000 nan
146.500000 -16.000000 nan
129.000000 -15.750000 nan
129.250000 -15.750000 nan
129.500000 -15.750000 nan
129.750000 -15.750000 nan
130.000000 -15.750000 nan
130.250000 -15.750000 nan
130.500000 -15.750000 nan
130.750000 -15.750000 nan
131.000000 -15.750000 nan
131.250000 -15.750000 nan
131.500000 -15.750000 nan
131.750000 -15.750000 nan
132.000000 -15.750000 nan
132.250000 -15.750000 nan
132.500000 -15.750000 nan
132.750000 -15.750000 nan
133.000000 -15.750000 nan
133.250000 -15.750000 nan
133.500000 -15.750000 nan
133.750000 -15.750000 nan
134.000000 -15.750000 nan
134.250000 -15.750000 nan
134.500000 -15.750000 nan
134.750000 -15.750000 nan
135.000000 -15.750000 nan
135.250000 -15.750000 nan
135.500000 -15.750000 nan
135.750000 -15.750000 nan
136.000000 -15.750000 nan
136.250000 -15.750000 nan
136.500000 -15.750000 nan
136.750000 -15.750000 nan
137.000000 -15.750000 nan
137.250000 -15.750000 nan
137.500000 -15.750000 nan
137.750000 -15.750000 nan
138.000000 -15.750000 nan
138.250000 -15.750000 nan
138.500000 -15.750000 nan
138.750000 -15.750000 nan
139.000000 -15.750000 nan
139.250000 -15.750000 nan
139.500000 -15.750000 nan
139.750000 -15.750000 nan
140.000000 -15.750000 nan
140.250000 -15.750000 nan
140.500000 -15.750000 nan
140.750000 -15.750000 nan
141.000000 -15.750000 nan
141.250000 -15.750000 nan
141.500000 -15.750000 nan
141.750000 -15.750000 nan
142.000000 -15.750000 nan
142.250000 -15.750000 nan
142.500000 -15.750000 nan
142.750000 -15.750000 nan
143.000000 -15.750000 nan
143.250000 -15.750000 nan
143.500000 -15.750000 nan
143.750000 -15.750000 nan
144.000000 -15.750000 nan
144.250000 -15.750000 nan
144.500000 -15.750000 nan
144.750000 -15.750000 nan
145.000000 -15.750000 nan
145.250000 -15.750000 nan
145.500000 -15.750000 nan
145.750000 -15.750000 nan
146.000000 -15.750000 nan
146.250000 -15.750000 nan
146.500000 -15.750000 nan
129.000000 -15.500000 nan
129.250000 -15.500000 nan
129.500000 -15.500000 nan
129.750000 -15.500000 nan
130.000000 -15.500000 nan
130.250000 -15.500000 nan
130.500000 -15.500000 nan
130.750000 -15.500000 nan
131.000000 -15.500000 nan
131.250000 -15.500000 nan
131.500000 -15.500000 nan
131.750000 -15.500000 nan
132.000000 -15.500000 nan
132.250000 -15.500000 nan
132.500000 -15.500000 nan
132.750000 -15.500000 nan
133.000000 -15.500000 nan
133.250000 -15.500000 nan
133.500000 -15.500000 nan
133.750000 -15.500000 nan
134.000000 -15.500000 nan
134.250000 -15.500000 nan
134.500000 -15.500000 nan
134.750000 -15.500000 nan
135.000000 -15.500000 nan
135.250000 -15.500000 nan
135.500000 -15.500000 nan
135.750000 -15.500000 nan
136.000000 -15.500000 nan
136.250000 -15.500000 nan
136.500000 -15.500000 nan
136.750000 -15.500000 nan
137.000000 -15.500000 nan
137.250000 -15.500000 nan
137.500000 -15.500000 nan
137.750000 -15.500000 nan
138.000000 -15.500000 nan
138.250000 -15.500000 nan
138.500000 -15.500000 nan
138.750000 -15.500000 nan
139.000000 -15.500000 nan
139.250000 -15.500000 nan
139.500000 -15.500000 nan
139.750000 -15.500000 nan
140.000000 -15.500000 nan
140.250000 -15.500000 nan
140.500000 -15.500000 nan
140.750000 -15.500000 nan
141.000000 -15.500000 nan
141.250000 -15.500000 nan
141.500000 -15.500000 nan
141.750000 -15.500000 nan
142.000000 -15.500000 nan
142.250000 -15.500000 nan
142.500000 -15.500000 nan
142.750000 -15.500000 nan
143.000000 -15.500000 nan
143.250000 -15.500000 nan
143.500000 -15.500000 nan
143.750000 -15.500000 nan
144.000000 -15.500000 nan
144.250000 -15.500000 nan
144.500000 -15.500000 nan
144.750000 -15.500000 nan
145.000000 -15.500000 nan
145.250000 -15.500000 nan
145.500000 -15.500000 nan
145.750000 -15.500000 nan
146.000000 -15.500000 nan
146.250000 -15.500000 nan
146.500000 -15.500000 nan
