0.4429729772684041
0.444203977141589
0.501545902067085
0.5406089825946359
0.6251979707691334
0.6964452244626214
0.7713224148754042
0.7745001467884093
0.7411001927588612
0.7008122855240634
0.6953946667934816
0.7077094416967853
0.7259487768689366
0.7680730888973434
0.7226279604971148
0.6631406759241647
0.6099382051867351
0.5957342122566737
0.5429433749286666
0.5304713882125421
0.5269581808699512
0.4957285570667682
0.4915226801724685
0.458894671517342
0.44462725943186854
0.4336304362754423
0.44306802957960817
0.4668824827214509
0.5078203398960116
0.552687646820113
0.5749815941284636
0.5864259178555576
0.5766181448861835
0.5833479928032465
0.6370431674592607
0.6815028695073236
0.776556357555006
0.8181947083254075
0.8100058629763487
0.7477916714222308
0.6667799239426796
0.5958268091750681
0.5756957725572254
0.5476066749096444
0.5655914261936464
0.6197222157123834
0.647191355589373
0.6958539055862026
0.6859207180901655
0.7270068619618287
0.7000359377972227
0.6930999270813517
0.65970944106271
0.6444799808826326
0.6267025994229917
0.5841147139052691
0.5889390791642888
0.5407463984845603
0.5563896358506116
0.5391329757466237
0.5715041045272967
0.597277988776869
0.6186835986938053
0.5893146950732356
0.5623146845475875
0.5108918028977236
0.47712605655950807
0.4608152817196119
0.4894503459831337
0.5200148634519054
0.6147045073552722
0.7717103829814217
0.8663702101959293
0.9609447948766726
0.944603720119206
0.9250737499207405
0.7624921913638958
0.6706092082619999
0.5657781856889227
0.5208912066768119
0.4936947753788599
0.5187668112358125
0.4995904885232389
0.519273519022256
0.5156677313106335
0.5298499720055797
0.5569395643903365
0.607993675194978
0.6444556295732675
0.665879852799442
0.7025185140447656
0.758922382537569
0.7492987150466045
0.8281116904444866
0.7578431139433138
0.6675890567497303
0.5911548169107855
0.5462866501173038
0.5197710963794308
0.5238640097647581
0.5369091638133284
0.5919387398072411
0.6817322557859363
0.7408993453173546
0.7925444638894173
0.7640864295225415
0.6895149359584047
0.6102947711305559
0.5328931584870965
0.46111357025553235
0.40452554498763554
0.3818149762221799
0.3674852265233657
0.37510948684293954
0.428271704679475
0.48169576567750944
0.5911822769006403
0.7064419975271063
0.6967460043751187
0.622617136104242
0.5758881922516009
0.47217197818781304
0.4556466297000825
0.4207555386785873
0.4005468834886818
0.38385871669520005
0.36987446931076023
0.3759369471815357
0.4204301336630525
0.4718110713968676
0.5509516340434977
0.5610556993849471
0.5668287405998351
0.5682268783843762
0.552147970547207
0.5510179004818972
0.5597119753027711
0.5764439726079514
0.5728221804578024
0.6107941024348488
0.5812849004501933
0.5882118424957199
0.5631414010525649
0.531347520480629
0.5517266968486462
0.5136103509606239
0.529847760953649
0.543455857713525
0.5726584215331938
0.555756490488872
0.6130790841100755
0.6180427686893668
0.6704380737746496
0.7395310554181724
0.7783308870712068
0.751954844334538
0.6582067399340561
0.5708448605034556
0.4652245120157251
0.40483388567624123
0.4159219390653731
0.3867925769133219
0.4136069606239299
0.4362564187749666
0.4498844815167078
0.43700068825692734
0.4387099288884662
0.45715269149071086
0.44454614390336694
0.4356465232388561
0.4720068236319828
0.5028420115718726
0.5860159190603005
0.5916292099740028
0.5811143547016675
0.5458031214888084
0.5115023925876608
0.4930130318939827
0.45880156848012177
0.47423090216219643
0.4968302339103418
0.5480818328894808
0.5612566394648406
0.5444056948830132
0.5747672818147231
0.6157843798427493
0.6982291878130746
0.6386655108743899
0.5883713450320207
0.5244781573457613
0.512020020734259
0.49760237226555065
0.5231398267389512
0.5474733380571938
0.5427722711622599
0.55526292521083
0.5665024779024792
0.5789288134233721
0.6191778061632108
0.6371583985796716
0.629316312630778
0.6178493711876228
0.5615631701223767
0.5427791133726461
0.46848224922325793
0.4296842093399276
0.4099247098154841
0.4081648265487287
0.4548981479297444
0.502521604780927
0.5181490518039441
0.5566828672880602
0.6007144577388878
0.6278634456280516
0.6445800986938048
0.6869752812123517
0.7090148884027647
0.6631863086361042
0.5930854234671231
0.4921519266374993
0.4193765096062393
0.38646060909263835
0.3587231844524761
0.40136301772240185
0.4421500918457929
0.47625541845792907
0.5019547478916999
0.4903529141462178
0.4875425717773128
0.49346368099676624
0.46782382001775413
0.4748224815484116
0.46977593526092193
0.47736793056876553
0.47334614447403467
0.5032840927017944
0.5234994351658107
0.5421441706930443
0.5595698714412529
0.5329886083634519
0.5301027857776933
0.5122991838501046
0.47227905741550946
0.46632151312535663
0.4499065799885867
0.4479900806543656
0.46792315179760324
0.4492298258195423
0.43825159999365926
0.44122699920740593
0.4742211996702809
0.4730715892460846
0.46185598944264783
0.4972301843890686
0.49266775556400993
0.5125306691078562
0.5271351730074186
0.5259382178365355
0.5378373967091498
0.5540165459070445
0.550278181662545
0.5636684672500157
0.5686894038107919
0.5543283388180839
0.5518600472386025
0.5686359249254961
0.529869489569463
0.5352067965569718
0.537361558810475
0.5795900172151418
0.5761833459514297
0.5889231042102595
0.6065236457738887
0.614851959989855
0.6238174186481517
0.6107615022509671
0.6451371462811488
0.667562157092131
0.6532566825502504
0.6202017699258132
0.5920767467186607
0.6090797232261748
0.5888314762221799
0.6026012982055672
0.6196809231817895
0.6439011326802359
0.6444144864307906
0.6980796129287935
0.7519160531989096
0.8131892552786761
0.8291977027455456
0.8175847057891067
0.7423893358062268
0.6779610274871599
0.6070791329655698
0.5792901430156616
0.5938461840086235
0.6650219775537378
0.7026795796081414
0.7902789876989411
0.8621355126498003
0.9130395174687719
0.9677943266121358
1.0087298424323126
0.9875578292435482
0.9509414019402701
0.8641870461606748
0.7674520708896073
0.6903616698370427
0.6415565523746115
0.6597319493690952
0.6781380467313424
0.7192338979773002
0.7308650434341514
0.732610848709657
0.7348482020797668
0.7812285054847504
0.8393423860249825
0.9491371498319701
1.1177623609790122
1.3234438932217363
1.5215967827024284
1.1805181110899752
0.9219476301439349
0.8409770185784033
0.7153175226681885
0.6777604324392871
0.6191393249952446
0.5807074372265552
0.5339907172975714
0.49927053817132705
0.48293772382854605
0.46347977915160743
0.46298842863483614
0.46358907234798047
0.5310850158201763
0.7152840466679349
0.9171009324075837
1.0721913344112608
1.0359746455519625
0.869403820937163
0.7057855018705218
0.5970963746750365
0.53447137074377
0.5005022516010398
0.47875587724304114
0.4927202214507641
0.48425455180394406
0.5001037820049458
0.5548660825565911
0.5539872082302961
0.5503384497495403
0.559253729915668
0.573438910817323
0.5907339755881046
0.6316953866273539
0.6553109929617653
0.7086832042990298
0.8139723511508465
0.9363439781878132
1.0743478777503013
1.0628330321476127
2.48981399308858
0.8998055646439667
0.7316093430980916
0.5653654871916807
0.4597104460084966
0.39925578121235183
0.3781055762792467
0.35710151604210266
0.37018656521463444
0.40890490114767614
0.44199522417728737
0.47142638551772253
0.49711618676685054
0.511081473051804
0.5121797649483228
0.5225770454631918
0.5187009377338151
0.5267768440492043
0.5397435173102532
0.5327310079576437
0.5357839591021494
0.5530042146027517
0.5867265696848646
0.6194521468518167
0.6450425810031071
0.6725298645932408
0.6534465293576817
0.6429072757276012
0.5826047764567877
0.5528883530213683
0.5359417661530659
0.5401414137340689
0.5869508715363642
0.6202988618667173
0.6309927329275254
0.6249408983894489
0.5862801620062139
0.5508864154143681
0.5051557728742628
0.47031396290660077
0.4489051212351785
0.45955611508464905
0.4423639668061633
0.44229673143744846
0.442133579291104
0.4451079265106842
0.4967004309492106
0.5559830185784033
0.6557648253122819
0.7928788069875088
0.90434754359267
1.0103147406632427
1.0434434053008683
1.0051614498129477
0.9106835929871282
0.8002878634836093
0.6986501236446644
0.670970212098155
0.6782331763997209
0.6741221647327373
0.6842690019656332
0.6549361203157694
0.6502910157884726
0.6619243595840466
0.6611055243801915
0.6862590923213494
0.7432272874262891
0.7742340729820557
0.7931145133472832
0.7801661508464903
0.6884665344619874
0.6231040950161687
0.5661268535603323
0.5412124834823407
0.5479400077674211
0.5912604872867921
0.6610651207913258
0.7444225936846108
0.8493233831082369
0.921386286855621
0.9645899495910213
0.9132076025616637
0.7534776485321159
0.6692730465094163
0.5615479646820113
0.43524130571935826
0.39269497768055295
0.40018576691395596
0.4260324457865703
0.519683799283495
0.6318093336820747
0.7577792594001649
0.8700463039756514
1.0207273708071778
1.0438376475810032
0.8879841011984022
0.7908553392302328
0.6630797910405174
0.5899477318495974
0.5317800241582652
0.5134279571999238
0.518297144949591
0.5707178604083444
0.6016720882949717
0.6073567625705409
0.6237471983070193
0.6224815661974511
0.5793104046350896
0.5635649011159721
0.5271946017056622
0.46863561200938414
0.4408154612580052
0.4450640712383488
0.47786295716822014
0.5063128644347219
0.5248835137594318
0.5033049930251726
0.5397703216980535
0.5595236483735971
0.6078739636357873
0.6420007425654681
0.6802999941348045
0.7312158766089657
0.7411079265740919
0.7504632261746244
0.7297820477458626
0.7149436433961067
0.6633635776425083
0.6835669535222879
0.6226032135248238
0.54560026796018
0.5095228775283748
0.5051935482848265
0.484806299822459
0.47262544286982444
0.5009195280578277
0.5048836096633061
0.5439941340117939
0.5859801572506497
0.5994860624881111
0.5643476597552469
0.5286410795764379
0.47839912171073484
0.4304302708135184
0.41349872772810853
0.4260573784794877
0.424738356096633
0.4831583020100184
0.5654554454378289
0.641755474763807
0.7348536912687845
0.7592708877052817
0.7047577252552153
0.6113241246591844
0.5026822467503645
0.4693500325597615
0.44814325112548353
0.45666856426352176
0.4563580019973368
0.42689339027328643
0.41277625870268214
0.41444576745291994
0.5237495721577581
0.7185890010145202
0.89267639401433
1.0563520093843128
1.0212450662608585
0.8689879662037918
0.7249156607063598
0.5889302194851309
0.5224220523429078
0.43039122937670404
0.3941353549870014
0.35201422810855365
0.350213339325344
0.370670447403462
0.4198268032781688
0.47933508233466504
0.5004933270876926
0.5324442115591907
0.5159419347853655
0.5285192426922831
0.517396795066895
0.5333385965062456
0.5150726309048252
0.5414746819795828
0.6272090908312726
0.6212587775030118
0.6794325801154019
0.6655685791642889
0.6539211699955617
0.5805577587977933
0.5222870787204362
0.44868977496671103
0.3911851868619618
0.3274254655697166
0.3084583163084143
0.2992479936909517
0.34617862177414244
0.37587292451334725
0.42704104023207146
0.4970745809396995
0.5690345448608207
0.6354933047048382
0.6600747638069875
0.6493103439540929
0.5718563241709467
0.5198493536871475
0.479416931424767
0.45461184094223567
0.4577595788789551
0.4854851016422548
0.6209816349946105
0.7149383799378606
0.7130875661023399
0.7042150811933293
0.659537073489316
0.6610255881998605
0.6612592700526281
0.6294791230105891
0.6001854375435928
0.6001816571555386
0.6574307801027202
0.7485209844017499
0.8354591462177419
0.9303899473717584
1.0009438402764568
0.9593572303595207
0.9083785010462241
0.8114388352038553
0.7227108949971467
0.6427381989093908
0.5893586429205504
0.5334260525014267
0.5231408776234862
0.522614366685689
0.5779056937733815
0.6869208480755817
0.8705117833365039
0.9813942134297127
0.9818940679094539
0.903699778390717
0.7932600992327692
0.6891980426098536
0.6240561032274426
0.5644931040517405
0.4875767958911927
0.4692230318622788
0.4489235539915033
0.40716910944137974
0.4453943695073236
0.48678564577388894
0.5582624984782194
0.6517269420455267
0.7424997213239489
0.7890821885105574
0.7895473337137785
0.7431669279056495
0.692773257244309
0.6422656720880096
0.612976014139877
0.600544970135058
0.6233426254200749
0.654492087597489
0.6758270349058398
0.6984374627480819
0.7035717617779469
0.6872463794306005
0.7021832211020227
0.7139888792720814
0.7260300275822712
0.6730105705725699
0.5891631591211718
0.5270647845095429
0.4716578208737557
0.43942063854543145
0.4598486437131443
0.46828729129414753
0.5245911203791769
0.5979295068163085
0.6598206017056623
0.7630852127322298
0.8919432737302645
1.024917066768119
1.1183094768879591
1.1133885758670976
1.0362831060173738
0.9397126491661912
0.849580828102213
0.7891042892016994
0.7502604533637689
0.6806840279627164
0.6110357076596284
0.5449017919282227
0.48890576266565217
0.4378382405047239
0.4329517873628812
0.45646538713461415
0.5046826796969122
0.5860312178365353
0.6722488621520513
0.7130013134867796
0.7246816971022763
0.7068176853084776
0.6760318993722656
0.6368770564961004
0.6301847738887834
0.6477478974066324
0.6777034867795321
0.7309291078561916
0.747923786063027
0.7353236665398517
0.7317433418933486
0.7305003680806543
0.7347882321983387
0.711085431805212
0.6554645162640289
0.5920230249508592
0.5236625288821253
0.47787502013188754
0.4557291954853845
0.4701879083444296
0.5074090448925241
0.5975664045399783
0.6949259967662165
0.8228733596474542
0.8923362402510939
0.8895908258829498
0.8213505487920868
0.7214721609282859
0.5852627913892587
0.4484151343288315
0.3864717651385454
0.3548815286919029
0.43765490764694687
0.47753522852070257
0.5522149936275442
0.6520599772684041
0.7736567944328198
0.9081399147168855
0.9857265487286792
1.00724712605415
0.9840064323758797
0.8972047273476633
0.7901914238158645
0.6924755766913956
0.6127864111977678
0.5662584381142602
0.5461646578530213
0.5545493372328959
0.5754628966140384
0.636813363388498
0.7146169897279818
0.8059819967028089
0.8907024944518418
0.9223893399277154
0.9615030318305752
0.9089275179126245
