0.10433917901217983
0.1186481853366656
0.11173606455485527
0.1125178570283867
0.10898412628937586
0.10258785626322944
0.10738215649305136
0.10155080257176076
0.10071372554763545
0.09225979107351988
0.09782155648918733
0.10120310223175692
0.09769457005111708
0.10247521545220248
0.09279315886402639
0.09820910365863267
0.09983631971693989
0.10247339129459897
0.10337935521618255
0.099956496288589
0.10571785534981461
0.10379678828664278
0.10879254890324261
0.10089341098853649
0.09687922748553304
0.10026359454998596
0.09730468472788514
0.10457174167305502
0.09806613063334876
0.09942532044165645
0.09754145966429986
0.09488858803975272
0.09460887686346299
0.09251961184274157
0.10706822777980911
0.09883270161936257
0.09854142020890709
0.0906051602785894
0.09489402728977755
0.10209403431698022
0.09668378313730039
0.0967940521615448
0.09830021252356722
0.0962220336210396
0.10115049490269509
0.10045921195029532
0.10269756443263252
0.1043171981565604
0.09790112505705752
0.09769387425465845
0.08798714861727353
0.096829359354933
0.09751359279255845
0.0901723532701206
0.0999922150380421
0.0963149675006661
0.10178335623091585
0.10166924570596357
0.09853019000018967
0.10603746902066433
0.10409371249546406
0.10875738014013514
0.10382010378434622
0.10767575915947229
0.10767020258019423
0.10021891297671577
0.10018183951536039
0.10123699353264005
0.1042940271966017
0.09826547316530074
0.10042782627220637
0.10634590931764548
0.0924601292204436
0.10734893542880286
0.10271422212644624
0.10900610098164112
0.10355249216038434
0.10453378821848638
0.10739856844773192
0.10198851447537158
0.09780804161573083
0.11117650602301132
0.1079484203678349
0.09815926931083724
0.09744616947855367
0.10358319361127394
0.10408519161040826
0.10327343728813497
0.10273812694148073
0.09938877860202602
0.10367856327356814
0.09624405104729039
0.10179127303109571
0.10907042042802613
0.10373757191160392
0.10928657930453077
0.10204993534764994
0.1007418786483306
0.10320095327915656
0.09730840578552272
0.10201175600301762
0.09758750626131618
0.09988815810400656
0.09106400665967829
0.09810796311216066
0.11084989719089565
0.09532014168436274
0.09434186709863397
0.08945160053870788
0.09611774809517155
0.09419114680422432
0.08778191937903972
0.09820673529528821
0.09759191882015571
0.10078142585032701
0.09951823245127553
0.10496977684359399
0.10750349142237749
0.10299254724751175
0.0965691379226298
0.10626693508993948
0.0940312791178622
0.10085277226021268
0.09910299741677052
0.103333549778328
0.10057957730676557
0.10104441713151988
0.10591350315384254
0.09863065026751239
0.10245528253039957
0.1013766942136953
0.1005432022170312
0.10461022936645759
0.09808440220374541
0.10047605572297373
0.10862618730619014
0.10351095623466999
0.10910543156232375
0.10115213467069342
0.10373641304241482
0.1016390358885218
0.1035048265440108
0.10745611633779664
0.10447651920942158
0.10865189723908737
0.098937695354971
0.10201034078558259
0.10823488811073541
0.10598177930985467
0.09853732793870633
0.10998637010253856
0.1000811326304509
0.10667555058784937
0.10173199666984965
0.10508680653128169
0.10591037851480953
0.10123673010737963
0.10188046703937192
0.09892834296374661
0.10104946387611656
0.11165687332602084
0.11323417255035052
0.10463034743903482
0.10220517964994237
0.10361923227084277
0.0989150660786111
0.09790243429437691
0.10316191975373046
0.10129692139440309
0.09605324592102547
0.09754475518122023
0.1013767504155818
0.09831164375020582
0.10068555136139856
0.09918487930341145
0.10024932570594013
0.09257362657519828
0.09812616246273576
0.09803440352610177
0.10071473863261875
0.09887123671156527
0.09914721584463256
0.09850068009050747
0.0978058071929718
0.09323424605931808
0.10092636351389371
0.10378194006344495
0.1000118775913139
0.09895535129866559
0.09635316437111806
0.09968821290387041
0.0938027814195426
0.09802637816775306
0.09643122166785374
0.09316632243287348
0.100876130759232
0.10040931180749119
0.10484452940072203
0.09859550904462346
0.09917456044796269
0.10249982762985603
0.1023161693893725
0.09062527653334614
0.10215804829589506
0.09521536906550154
0.10467332218623253
0.09578476634362457
0.09242196370744862
0.09502697593745531
0.10211747651226791
0.09476808851494505
0.10438217086481251
0.10257184447694637
0.10505204582156569
0.09869972403419744
0.10897648140079655
0.111708698721065
0.09684213813058157
0.10059848975010074
0.09887940950410053
0.10194620959620931
0.10113368861317215
0.09616966879679707
0.1010375628869938
0.09737625730036385
0.10214265486498174
0.09749757534213452
0.09369699825389842
0.09546856943887908
0.09710819516912511
0.09448216893515306
0.10012605898099361
0.0984994270586254
0.11224493943600342
0.10461969505565898
0.09845889973207037
0.10066431580265886
0.09980731539983428
0.09830522183483022
0.10156828638944362
0.09989775935530368
0.10107235547556376
0.10198649076457385
0.09749322069385655
0.09802777833071423
0.09565547894132267
0.09932052660272914
0.10112074515310729
0.09765033542065726
0.10070051151128782
0.10162406187047732
0.09530622857966511
0.09773524405050862
0.10337871891113648
0.10465397744276579
0.1009877108905833
0.09575085395777566
0.09393537562362769
0.10164622870346313
0.09543283824394515
0.09798515936720749
0.09102917912937725
0.10393469567536953
0.09598598767924146
0.09506682966531278
0.10191796322354171
0.09656047182470412
0.09564599470593702
0.10483479508507151
0.1036922286146487
0.09699773918488727
0.09805127672292863
0.1012431969749319
0.1114793521000202
0.11259630339881367
0.1003031031634493
0.11091897423518281
0.10282589838825244
0.10907181221594653
0.10297902475335877
0.1011963544890527
0.09489684432630348
0.09264330925914417
0.09955686801077142
0.09928627142889686
0.1033323971887223
0.09279763202710084
0.10659952317023424
0.10374592918585522
0.09829001242315054
0.09675587797003748
0.1021778739183283
0.0983374766085005
0.1061980916027099
0.09720390691979232
0.09979615084834081
0.09531413141347975
0.09949270070565712
0.09464166879817464
0.09865143542093215
0.09595279628596638
0.09573464778288593
0.09968990506006314
0.09479682854144318
0.09724300362344905
0.09063437154516954
0.0931979742933409
0.0922946303971969
0.09752977789161663
0.09374591547835806
0.09845850286953661
0.10329287272800373
0.0994111828661225
0.10067934677778279
0.10056140364524359
0.10042705809320444
0.09814347755463325
0.09271603377977158
0.09713604515059492
0.11006831403929782
0.14557448909075807
0.20419100601068457
0.13448298466040184
0.11260406607560583
0.11844759855663911
0.09419626813388768
0.09972186391562123
0.09387034654878537
0.09838424112629408
0.09610933381792128
0.0951050539950174
0.09354162184204681
0.10480347045933354
0.10145500225723222
0.10417268468317366
0.10277977173736846
0.10008335289072104
0.08726810718855353
0.1009639015335367
0.10212457843229382
0.10442556340379608
0.09625404182597676
0.10455227262604438
0.10726951588307909
0.10322872689687115
0.09804781318200748
0.0970215710312764
0.08449568147522937
0.08976726995119019
0.09831465489172489
0.08791086296667146
0.08987069585744487
0.0909748667932083
0.09299874342676513
0.09175449930294864
0.09644785145946312
0.09283462313364156
0.09257495716634935
0.09380525499348191
0.09180913838588792
0.09571606879833962
0.10160696621844378
0.1001042592764814
0.09832402441884495
0.09170591720368966
0.08624008799037937
0.08773482050676518
0.08884955353423606
0.08955686403057782
0.08899378436326995
0.09149339177797039
0.09486711304307238
0.09283627308205142
0.08887401337947065
0.09056229503839267
0.09023455490017954
0.08718950527344346
0.0894293805888758
0.09195183380131156
0.09534657852305285
0.09908345843000856
0.09318313904006108
0.09662056112683852
0.09769396885676469
0.10278048917194134
0.10327877025937571
0.09833421791214708
0.10242893792675653
0.09887049997134587
0.10201543150931289
0.09674513804453452
0.09921109636284896
0.1061410781126257
0.10045319515508012
0.10933581005784243
0.11180780716564814
0.10238158461258184
0.10575077733763306
0.09917932007214032
0.10020253947733741
0.10072577094522306
0.09885189846389432
0.09588086014771069
0.10399153997193766
0.09762399716424654
0.10186844748998893
0.09859957516411272
0.0963956590048376
0.09745565925092244
0.09247083822542657
0.08834789839424306
0.08806150840854207
0.08817799605794073
0.09673978325717887
0.08942197556516536
0.08929919774485409
0.08963969309356075
0.0848482582016975
0.08880653853808987
0.08863224295629096
0.09394931273697656
0.08949977184830855
0.0941783167084291
0.092518387357875
0.08532617761989239
0.09082647547550346
0.09075728927428571
0.09127591162014051
0.09065642403880424
0.0880107616710362
0.08843920880871925
0.09634137481129697
0.08971679891575993
0.09193960904608331
0.0955457628368184
0.09569729585393064
0.09488561179875322
0.0921170424869707
0.0929288878292975
0.08781974143854447
0.09287872195154707
0.09071612466662796
0.09285428875660033
0.08801473807630981
0.08690842225892208
0.08910182232123558
0.09654690707337309
0.09195126752270807
0.09280571836847004
0.09243360625768572
0.09355987435937381
0.10176022698813628
0.09271925378171769
0.10308915670197726
0.09882087486222153
0.10584979551072367
0.0986630619725181
0.10038219641019133
0.09829979400902245
0.10112162783240841
0.09745088384324727
0.0951293780031566
0.09767960536868918
0.09436112417428359
0.09138125306281293
0.08652113691506301
0.09134171416494541
0.09883953151605619
0.09063176766046888
0.08107174629523863
0.09159804764976956
0.09538541576811561
0.09087278217162967
0.08400283942070555
0.08613891492583653
0.0922590053791145
0.09781507916934166
0.1072588302379718
0.09582252097916752
0.09873391371132816
0.09999079560918667
0.1015501001757101
0.09896364557832978
0.09515365487953105
0.10622971179584531
0.10142738747488175
0.0984067047999199
0.09871607688766644
0.09593738612584254
0.10761199158521707
0.09903460733268583
0.10534589064085566
0.11119499532137227
0.09959094282247835
0.10499268025899657
0.09907473588979299
0.09820927501667545
0.10391053277647877
0.09714404832217732
0.09510534337103296
0.10490299828276935
0.0928977432259172
0.09706288278653838
0.0945976842391463
0.09786980505584486
0.10116549700038133
0.09718687558832653
0.1013059716020275
0.09462679503987184
0.09424756886967647
0.0999705110244365
0.09263215842301473
0.0936732255641058
0.0930528200216739
0.0977452428615383
0.09226222522764599
0.09251854015282718
0.09789651732553366
0.10193614752516614
0.10114968121983134
0.09986804245639518
0.10108121024894225
0.10119778456894084
0.10290882291446217
0.10095769640480068
0.10157634965739418
0.09835038116952274
0.10352228562229916
0.10716709440049588
0.11323832100587626
0.10146616986432438
0.09899530871684553
0.09609452453371814
0.0942194616399797
0.10177211194740102
0.08736734991966821
0.08996807121407707
0.09119322879533047
0.09481240141091256
0.09469052591719762
0.09323954162985312
0.0989943753165148
0.09498255119047364
0.09512413418109228
0.09734216429027115
0.10144921183021711
0.09856717361781657
0.10117627466282375
0.11040071213431571
0.09483679933521315
0.10372358632934739
0.10672102374190066
0.10752918674285672
0.1033151942623411
0.09728885757566388
0.10049001478329693
0.09899371312897635
0.09520178154194082
0.09550748210572003
0.09729131146463052
0.09534292691418897
0.09968844161607196
0.0933218330480923
0.09692503673811763
0.09419326106189882
0.09553996977081695
0.09805969703897495
0.10008898868473566
0.0966586595140394
0.09612258010036914
0.10311338005512202
0.09765589559183557
0.10083227532479867
0.10130560265604924
0.10928572069964237
0.1050955906857229
0.10300686025417084
0.10431937187315973
0.10498881482591381
0.0992931640280107
0.1018262613283265
0.10033470892603195
0.10020104752025631
0.09732056889705082
0.09535228947712936
0.0980684090021503
0.08829386726023668
0.09797678261786144
0.09727009890122608
0.08697004740096154
0.09518154643246055
0.09347049147412288
0.09331228946969745
0.09328116552082696
0.09371390407832514
0.0925567609998249
0.1002446092498315
0.09250289524317545
0.09295819049312556
0.09509373577804543
0.09902354055432412
0.09673694962868648
0.09351788879891298
0.09407312519278933
0.09157642398407832
0.08940711818009557
0.09534422514066118
0.09355385516837415
0.09076852017769814
0.09370197984807649
0.10404662971827791
0.09217490383423492
0.08935121719732243
0.09452300586333424
0.09067541221167395
0.09008468103505292
0.09100269057474464
0.08767419270043252
0.09153828613433508
0.09407091589164057
0.08902175875384788
0.08716186497299956
0.09349932838511975
0.09555024816062108
0.09564331433242083
0.09369652497535466
0.09308402447727401
0.09231259817156873
0.09469214002574443
0.09449955416708784
0.09678553626682647
0.09327793765716602
0.10153491708044246
0.09981218983426457
0.09796413120743994
0.10426765836049783
0.09631853896667548
0.0963454813551542
0.09496371370183065
0.09647782159328015
0.09385432939811143
0.09651260645590516
0.08791138267581214
0.08695018693396303
0.0896648716630428
0.09466566926184543
0.0958000236111587
0.09251541212306624
0.09494920444452035
0.09172698428718554
0.09047302840348387
0.09316420240266558
0.09221492533102267
0.09386598836625908
0.09543912601864678
0.09171548908975401
0.09619418799008554
0.09418987367948081
0.08858157244609208
0.09100662368892924
0.09826263678626758
0.0970200805153005
0.09817134395112911
0.09381748500815952
0.09248166785427668
0.09182418010041092
0.09343242418655993
0.09274843330672562
0.0969508709862159
0.08757742059440561
0.08731561830778294
0.0932420688958887
0.09292661995641055
0.08981356889689722
0.08913220591621215
0.09007593565485184
0.0872753610049837
0.08837191822339145
0.08798332450301485
0.08809941126723343
0.08225308260011463
0.0883964323791256
0.08612771586850752
0.09045336478581838
0.08931814056184953
0.09541340299032715
0.087353896305965
0.09171980062494071
0.08803341457056305
0.09115644707310226
0.0953266509909469
0.08852871818031237
0.09297083042263846
0.09414850287472662
0.09635431969563195
0.08638185504466914
0.09634983139659159
0.09279803227510512
0.09240958455898199
0.09804546052001355
0.09098504510019016
0.09132867135670447
0.09004232513007679
0.09125597047700186
0.09304813065083127
0.08968875550270818
0.09499135153407114
0.08814964835180839
0.08783571623637376
0.08679637612297116
0.09478322852480796
0.09306561410648648
0.08899658343246417
0.09479857282846259
0.09943484231815687
0.10056166496710008
0.10099999397280823
0.09932162612827551
0.10141266981473421
0.09853569243508684
