   4.4921900e-02   7.7663300e-01   6.0326300e+00   2.1714724e-02   2.0000000e+00
   3.1250000e-02   9.6849100e-01   5.0988400e+00   2.1714724e-02   2.0000000e+00
   2.1484400e-02   1.1248100e+00   1.1082600e+01   2.1714724e-02   2.0000000e+00
   1.5625000e-02   1.2195500e+00   1.4495300e+01   2.1714724e-02   2.0000000e+00
   1.1230500e-02   1.3245100e+00   1.9111600e+01   2.1714724e-02   2.0000000e+00
   7.8125000e-03   1.4168500e+00   1.9685200e+01   2.1714724e-02   2.0000000e+00
   5.3711000e-03   1.5136000e+00   2.9545800e+01   2.1714724e-02   2.0000000e+00
   3.9072000e-03   1.5585700e+00   3.6171000e+01   2.1714724e-02   2.0000000e+00
   2.8083000e-03   1.6065100e+00   4.0329300e+01   2.1714724e-02   2.0000000e+00
   1.9536000e-03   1.5305800e+00   4.7071400e+01   2.1714724e-02   2.0000000e+00
   1.3431000e-03   1.4748500e+00   5.2142500e+01   2.1714724e-02   2.0000000e+00
   9.7650000e-04   1.4941800e+00   5.4483500e+01   2.1714724e-02   2.0000000e+00
