   0.0000000e+00  -1.0000000e+00   5.0000000e+00
   1.0000000e+03  -1.0000000e+00   5.0000000e+00
   2.0000000e+03  -1.0000000e+00   5.0000000e+00
   3.0000000e+03  -1.0000000e+00   5.0000000e+00
   4.0000000e+03  -1.0000000e+00   5.0000000e+00
   5.0000000e+03  -1.0000000e+00   5.0000000e+00
   6.0000000e+03  -1.0000000e+00   5.0000000e+00
   7.0000000e+03  -1.0000000e+00   5.0000000e+00
   8.0000000e+03  -1.0000000e+00   5.0000000e+00
   9.0000000e+03  -1.0000000e+00   5.0000000e+00
   1.0000000e+04  -1.0000000e+00   5.0000000e+00
   1.1000000e+04  -1.0000000e+00   5.0000000e+00
   1.2000000e+04  -1.0000000e+00   5.0000000e+00
   1.3000000e+04  -1.0000000e+00   5.0000000e+00
   1.4000000e+04  -1.0000000e+00   5.0000000e+00
   1.5000000e+04  -1.0000000e+00   5.0000000e+00
   1.6000000e+04  -1.0000000e+00   5.0000000e+00
   1.7000000e+04  -1.0000000e+00   5.0000000e+00
   1.8000000e+04  -1.0000000e+00   5.0000000e+00
   1.9000000e+04  -1.0000000e+00   5.0000000e+00
   2.0000000e+04  -1.0000000e+00   5.0000000e+00
   2.1000000e+04  -1.0000000e+00   5.0000000e+00
   2.2000000e+04  -1.0000000e+00   5.0000000e+00
   2.3000000e+04  -1.0000000e+00   5.0000000e+00
   2.4000000e+04  -1.0000000e+00   5.0000000e+00
   2.5000000e+04  -1.0000000e+00   5.0000000e+00
   2.6000000e+04  -1.0000000e+00   5.0000000e+00
   2.7000000e+04  -1.0000000e+00   5.0000000e+00
   2.8000000e+04  -1.0000000e+00   5.0000000e+00
   2.9000000e+04  -1.0000000e+00   5.0000000e+00
   3.0000000e+04  -1.0000000e+00   5.0000000e+00
   3.1000000e+04  -1.0000000e+00   5.0000000e+00
   3.2000000e+04  -1.0000000e+00   5.0000000e+00
   3.3000000e+04  -1.0000000e+00   5.0000000e+00
   3.4000000e+04  -1.0000000e+00   5.0000000e+00
   3.5000000e+04  -1.0000000e+00   4.9643304e+00
   3.6000000e+04  -1.0000000e+00   4.8413282e+00
   3.7000000e+04  -1.0000000e+00   4.7246199e+00
   3.8000000e+04  -1.0000000e+00   4.6138207e+00
   3.9000000e+04  -1.0000000e+00   4.5085836e+00
   4.0000000e+04  -1.0000000e+00   4.4085622e+00
   4.1000000e+04  -1.0000000e+00   4.3134454e+00
   4.2000000e+04  -1.0000000e+00   4.2229505e+00
   4.3000000e+04  -1.0000000e+00   4.1367840e+00
   4.4000000e+04  -1.0000000e+00   4.0546514e+00
   4.5000000e+04  -1.0000000e+00   3.9754961e+00
   4.6000000e+04  -1.0000000e+00   3.9017470e+00
   4.7000000e+04  -1.0000000e+00   3.8304604e+00
   4.8000000e+04  -1.0000000e+00   3.7623559e+00
   4.9000000e+04  -1.0000000e+00   3.6972555e+00
   5.0000000e+04  -1.0000000e+00   3.6349808e+00
   5.1000000e+04  -1.0000000e+00   3.5753726e+00
   5.2000000e+04  -1.0000000e+00   3.5183033e+00
   5.3000000e+04  -1.0000000e+00   3.4636093e+00
   5.4000000e+04  -1.0000000e+00   3.4111818e+00
   5.5000000e+04  -1.0000000e+00   3.3609151e+00
   5.6000000e+04  -1.0000000e+00   3.3126850e+00
   5.7000000e+04  -1.0000000e+00   3.2663963e+00
   5.8000000e+04  -1.0000000e+00   3.2219877e+00
   5.9000000e+04  -1.0000000e+00   3.1793507e+00
   6.0000000e+04  -1.0000000e+00   3.1383974e+00
   6.1000000e+04  -1.0000000e+00   3.0990934e+00
   6.2000000e+04  -1.0000000e+00   3.0613394e+00
   6.3000000e+04  -1.0000000e+00   3.0250600e+00
   6.4000000e+04  -1.0000000e+00   2.9902500e+00
   6.5000000e+04  -1.0000000e+00   2.9567925e+00
   6.6000000e+04  -1.0000000e+00   2.9246410e+00
   6.7000000e+04  -1.0000000e+00   2.8937618e+00
   6.8000000e+04  -1.0000000e+00   2.8640956e+00
   6.9000000e+04  -1.0000000e+00   2.8355638e+00
   7.0000000e+04  -1.0000000e+00   2.8081434e+00
   7.1000000e+04  -1.0000000e+00   2.7818272e+00
   7.2000000e+04  -1.0000000e+00   2.7564079e+00
   7.3000000e+04  -1.0000000e+00   2.7319914e+00
   7.4000000e+04  -1.0000000e+00   2.7084209e+00
   7.5000000e+04  -1.0000000e+00   2.6857417e+00
   7.6000000e+04  -1.0000000e+00   2.6637951e+00
   7.7000000e+04  -1.0000000e+00   2.6425634e+00
   7.8000000e+04  -1.0000000e+00   2.6220067e+00
   7.9000000e+04  -1.0000000e+00   2.6021686e+00
   8.0000000e+04  -1.0000000e+00   2.5828585e+00
   8.1000000e+04  -1.0000000e+00   2.5640740e+00
   8.2000000e+04  -1.0000000e+00   2.5456781e+00
   8.3000000e+04  -1.0000000e+00   2.5277588e+00
   8.4000000e+04  -1.0000000e+00   2.5101427e+00
   8.5000000e+04  -1.0000000e+00   2.4929000e+00
   8.6000000e+04  -1.0000000e+00   2.4759616e+00
   8.7000000e+04  -1.0000000e+00   2.4590908e+00
   8.8000000e+04  -1.0000000e+00   2.4424798e+00
   8.9000000e+04  -1.0000000e+00   2.4258601e+00
   9.0000000e+04  -1.0000000e+00   2.4092567e+00
   9.1000000e+04  -1.0000000e+00   2.4077307e+00
   9.2000000e+04  -1.0000000e+00   2.4061994e+00
   9.3000000e+04  -1.0000000e+00   2.4046627e+00
   9.4000000e+04  -1.0000000e+00   2.4031205e+00
   9.5000000e+04  -1.0000000e+00   2.4015728e+00
   9.6000000e+04  -1.0000000e+00   2.4001925e+00
   9.7000000e+04  -1.0000000e+00   2.3986343e+00
   9.8000000e+04  -1.0000000e+00   2.3970705e+00
   9.9000000e+04  -1.0000000e+00   2.3955011e+00
   1.0000000e+05  -1.0000000e+00   2.3939260e+00
   1.0100000e+05  -1.0000000e+00   2.3925211e+00
   1.0200000e+05  -1.0000000e+00   2.3909351e+00
   1.0300000e+05  -1.0000000e+00   2.3893433e+00
   1.0400000e+05  -1.0000000e+00   2.3879235e+00
   1.0500000e+05  -1.0000000e+00   2.3863206e+00
   1.0600000e+05  -1.0000000e+00   2.3848908e+00
   1.0700000e+05  -1.0000000e+00   2.3832767e+00
   1.0800000e+05  -1.0000000e+00   2.3816565e+00
   1.0900000e+05  -1.0000000e+00   2.3802112e+00
   1.1000000e+05  -1.0000000e+00   2.3787612e+00
   1.1100000e+05  -1.0000000e+00   2.3771240e+00
   1.1200000e+05  -1.0000000e+00   2.3756636e+00
   1.1300000e+05  -1.0000000e+00   2.3740147e+00
   1.1400000e+05  -1.0000000e+00   2.3725438e+00
   1.1500000e+05  -1.0000000e+00   2.3710679e+00
   1.1600000e+05  -1.0000000e+00   2.3694014e+00
   1.1700000e+05  -1.0000000e+00   2.3679147e+00
   1.1800000e+05  -1.0000000e+00   2.3664230e+00
   1.1900000e+05  -1.0000000e+00   2.3649260e+00
   1.2000000e+05  -1.0000000e+00   2.3634239e+00
   1.2100000e+05  -1.0000000e+00   2.3617278e+00
   1.2200000e+05  -1.0000000e+00   2.3602146e+00
   1.2300000e+05  -1.0000000e+00   2.3586961e+00
   1.2400000e+05  -1.0000000e+00   2.3571723e+00
   1.2500000e+05  -1.0000000e+00   2.3556431e+00
   1.2600000e+05  -1.0000000e+00   2.3541084e+00
   1.2700000e+05  -1.0000000e+00   2.3525684e+00
   1.2800000e+05  -1.0000000e+00   2.3510229e+00
   1.2900000e+05  -1.0000000e+00   2.3494718e+00
   1.3000000e+05  -1.0000000e+00   2.3479152e+00
   1.3100000e+05  -1.0000000e+00   2.3463530e+00
   1.3200000e+05  -1.0000000e+00   2.3449814e+00
   1.3300000e+05  -1.0000000e+00   2.3434086e+00
   1.3400000e+05  -1.0000000e+00   2.3418301e+00
   1.3500000e+05  -1.0000000e+00   2.3402458e+00
   1.3600000e+05  -1.0000000e+00   2.3388547e+00
   1.3700000e+05  -1.0000000e+00   2.3372595e+00
   1.3800000e+05  -1.0000000e+00   2.3356585e+00
   1.3900000e+05  -1.0000000e+00   2.3342526e+00
   1.4000000e+05  -1.0000000e+00   2.3326404e+00
   1.4100000e+05  -1.0000000e+00   2.3310222e+00
   1.4200000e+05  -1.0000000e+00   2.3296012e+00
   1.4300000e+05  -1.0000000e+00   2.3279716e+00
   1.4400000e+05  -1.0000000e+00   2.3265407e+00
   1.4500000e+05  -1.0000000e+00   2.3248995e+00
   1.4600000e+05  -1.0000000e+00   2.3234584e+00
   1.4700000e+05  -1.0000000e+00   2.3218055e+00
   1.4800000e+05  -1.0000000e+00   2.3203540e+00
   1.4900000e+05  -1.0000000e+00   2.3186893e+00
   1.5000000e+05  -1.0000000e+00   2.3172273e+00
