0.0,-1.6403601694915264
0.005,-1.6091101694915266
0.01,-1.5466101694915266
0.015000000000000001,-1.4841101694915266
0.02,-1.4216101694915266
0.024999999999999998,-1.3591101694915266
0.030000000000000002,-1.2987051653821713
0.035,-1.2416853396808671
0.04,-1.188050692387614
0.045000000000000005,-1.1357062276117675
0.049999999999999996,-1.0833617628359211
0.055,-1.0310172980600747
0.060000000000000005,-0.9786728332842283
0.065,-0.9263283685083818
0.07,-0.8739839037325353
0.07500000000000001,-0.8216394389566889
0.08,-0.7716777666554752
0.085,-0.7256537445981096
0.09000000000000001,-0.6835673727845921
0.095,-0.6430358587402898
0.09999999999999999,-0.6025043446959876
0.105,-0.5619728306516852
0.11,-0.521441316607383
0.115,-0.48090980256308075
0.12000000000000001,-0.4403782885187785
0.12500000000000003,-0.39984677447447625
0.13,-0.36443647937679513
0.135,-0.33792715638140236
0.14,-0.3203188054882978
0.14500000000000002,-0.30649020775086017
0.15000000000000002,-0.2926616100134226
0.155,-0.278833012275985
0.16,-0.26500441453854745
0.165,-0.25117581680110984
0.17,-0.2373472190636723
0.17500000000000002,-0.23163159897806218
0.18000000000000002,-0.23524718553836332
0.185,-0.24819397874457563
0.19,-0.2623590009448717
0.195,-0.2765240231451678
0.19999999999999998,-0.2906890453454638
0.20500000000000002,-0.30485406754575983
0.21,-0.3190190897460559
0.21500000000000002,-0.33318411194635206
0.22,-0.35452812623262603
0.22499999999999998,-0.38816370108649995
0.23,-0.4340908365079736
0.235,-0.48513054041106907
0.24000000000000002,-0.5361702443141644
0.245,-0.58720994821726
0.25000000000000006,-0.6382496521203556
0.255,-0.6892893560234512
0.26,-0.7413988468501854
0.265,-0.8077482453251087
0.27,-0.8883375514482209
0.275,-0.9820969782958833
0.28,-1.0758564051435455
0.285,-1.1696158319912076
0.29000000000000004,-1.263382556671021
0.295,-1.3651148651439202
0.30000000000000004,-1.4748127574099044
0.305,-1.5924689356368222
0.31,-1.7101251138637403
0.315,-1.8279688547858994
0.32,-1.958607888324008
0.325,-2.102042214478066
0.33,-2.2580842705528315
0.33499999999999996,-2.4141263266275974
0.34,-2.5701683827023625
0.345,-2.726210438777128
0.35000000000000003,-2.8879308538760466
0.355,-3.056047480404134
0.36000000000000004,-3.23056031836139
0.365,-3.4095234896386883
0.37,-3.595438884326829
0.375,-3.7883065024258116
0.38,-3.9940974068600372
0.385,-4.221156219127067
0.39,-4.37277872562657
0.3950001,4.641398493229477
0.4000001,4.5044059464486335
0.4050001,4.3674133996677895
0.41000010000000003,4.2304208528869465
0.41500010000000004,4.09320555119744
0.42000010000000004,3.955229257386477
0.42500010000000005,3.8164919714540573
0.4300001,3.677216448308845
0.4350001,3.5384934898682125
0.4400001,3.400582273520515
0.4450001,3.2634827992657525
0.45000010000000007,3.1266425023993434
0.45500009999999996,2.9908212517764294
0.4600001,2.856980925418476
0.46500009999999997,2.7251215233254835
0.47000010000000003,2.594223999253956
0.4750001,2.463326475182429
0.4800001,2.3324289511109018
0.4850001,2.201531427039375
0.4900001,2.0706339029678476
0.4950001,1.9408303430798048
0.5000001000000001,1.8168232002125013
0.5050001000000001,1.6986124743659377
0.5100001000000001,1.5851042013566305
0.5150001000000001,1.4715959283473232
0.5200001000000001,1.3580876553380161
0.5250001000000001,1.2445793823287088
0.5300001000000001,1.1328804909890602
0.5350001000000001,1.0245064146198366
0.5400001,0.9194571532210388
0.5450001000000001,0.8159233251230072
0.5500001000000001,0.7123894970249754
0.5550001000000001,0.608855668926943
0.5600001,0.5053218408289105
0.5650001000000001,0.4062277719332698
0.5700001,0.31201878082937357
0.5750001,0.22269486751722192
0.5800001,0.13381627279442304
0.5850001000000001,0.04493767807162414
0.5900001,-0.04394091665117475
0.5950001000000001,-0.13281951137397366
0.6000001,-0.21980872000170448
0.6050001000000002,-0.29648660401560306
0.6100001,-0.3628531634156693
0.6150001,-0.4207977842969714
0.6200001,-0.47874240517827343
0.6250001,-0.5366870260595755
0.6300001000000001,-0.5946316469408776
0.6350001000000001,-0.6525762678221797
0.6400001000000001,-0.7105208887034816
0.6450001000000001,-0.7684655095847837
0.6500001000000001,-0.8264101304660857
0.6550001000000001,-0.8843547513473878
0.6600001000000001,-0.9345295251076261
0.6650001,-0.9726405888641074
0.6700001000000001,-0.9986879426168321
0.6750001,-1.0204414334868641
0.6800001000000001,-1.0421949243568962
0.6850001,-1.0639484152269285
0.6900001,-1.0857019060969606
0.6950001,-1.1074553969669927
0.7000001000000001,-1.129208887837025
0.7050001,-1.150962378707057
0.7100001000000001,-1.1727158695770892
0.7150001,-1.184795184110099
0.7200000999999999,-1.1870243461507022
0.7250001,-1.1794033556988983
0.7300001,-1.1716063890917099
0.7350001,-1.1638094224845215
0.7400001,-1.156012455877333
0.7450001,-1.1482154892701446
0.7500001000000002,-1.1404185226629564
0.7550001000000001,-1.132621556055768
0.7600001,-1.1170232175400432
0.7650001000000001,-1.0935984107907089
0.7700001,-1.0623471358077647
0.7750001000000001,-1.0310707644997479
0.7800001000000001,-0.9997943931917308
0.7850001000000001,-0.9685180218837139
0.7900001,-0.9372416505756974
0.7950001,-0.9059652792676808
0.8000001,-0.8729144151426373
0.8050001000000001,-0.8341669071652867
0.8100001,-0.7897227553356289
0.8150001000000001,-0.7413564524706905
0.8200001,-0.6929901496057521
0.8250001,-0.6446238467408136
0.8300001,-0.5962575438758752
0.8350001,-0.5478912410109368
0.8400001,-0.4995249381459983
0.8450001000000001,-0.4468380273005446
0.8500001,-0.3894398840767372
0.8550001000000002,-0.3273305084745757
0.8600001,-0.2648305084745754
0.8650000999999999,-0.20233050847457512
0.8700001,-0.13983050847457484
0.8750001000000001,-0.07733050847457455
0.8800001000000001,-0.014652853013209179
0.8850001000000001,0.05026654737393618
0.8900001000000001,0.11742769268686153
0.8950001000000001,0.18665292746420173
0.9000001000000001,0.255878162241542
0.9050001,0.3251033970188822
0.9100001000000001,0.3943286317962224
0.9150001,0.46355386657356207
0.9200001000000001,0.5340300277901932
0.9250001000000001,0.6069185321313586
0.9300001,0.682219379597059
0.9350001,0.7586816437480026
0.9400001,0.8351439078989461
0.9450001000000001,0.9116061720498895
0.9500001000000001,0.9880684362008331
0.9550001,1.064804770534401
0.9600001,1.1427073723312615
0.9650000999999999,1.2217762415914148
0.9700001,1.301737308132236
0.9750001,1.3816983746730573
0.9800001,1.421678907943468
