NaN
NaN
-1.1727974389342355
NaN
NaN
NaN
-1.3516446827307134
NaN
-1.2370761661175238
NaN
-1.190869139495786
-1.0400559659698903
NaN
-0.7025459180786242
NaN
NaN
-0.5967433265462874
-0.5989338126149003
-1.068226168486446
NaN
-0.5678022012112285
NaN
NaN
NaN
NaN
0.2705912011695035
NaN
-0.1945557535620604
-0.34316424555092173
NaN
-0.3746567906230294
NaN
NaN
NaN
NaN
0.11052171539443556
-0.2143119052694145
NaN
-0.36014030767971245
NaN
-0.3218386562110692
-0.6121221790017464
NaN
0.03258174221051824
-0.5215035729341797
-0.47520099244611747
NaN
NaN
-0.7744887096737031
NaN
NaN
NaN
-0.6251351179749612
NaN
NaN
-1.1913790347940159
-1.197751330132428
-1.3338293522880647
NaN
NaN
-1.3633671542399493
-1.5112242928628832
-1.5911687117615123
-1.865477895936967
NaN
-2.2086045376449617
-2.0966060370184763
-2.5205472588460696
NaN
NaN
NaN
-3.0469641342875677
-3.113838266085761
NaN
NaN
-4.549797003956637
NaN
NaN
NaN
NaN
4.5061352220899025
4.225716838258369
NaN
3.9023460198438364
4.096520246409712
NaN
3.1809673155463796
3.684106814496028
NaN
3.112204873059657
NaN
NaN
3.113167509124293
NaN
NaN
3.0702302818577154
3.092378374575082
NaN
1.4324680901675144
NaN
1.4741540305524337
1.7153481855761146
1.4409299701273406
NaN
1.3710660159839667
NaN
1.0897967595015663
1.0753796296242988
NaN
0.3743766667563163
0.3796596512927764
NaN
NaN
NaN
NaN
NaN
NaN
-0.3101996503812374
-0.050034336834054546
NaN
-0.01576929473646521
NaN
NaN
-0.2400002436246165
-0.31756005567537793
NaN
NaN
-0.6341657398873186
-0.33525124349491037
-0.5023369720051619
-0.8927240217225301
NaN
-0.8052573373162856
NaN
NaN
NaN
NaN
-0.78734498151764
NaN
NaN
NaN
-0.7604750194165406
-0.9024186698257133
-1.4313893679673917
NaN
NaN
NaN
NaN
NaN
NaN
-1.0617804969959361
NaN
-1.5429304524575629
NaN
NaN
-0.7835166490352872
-0.970634147916365
NaN
NaN
-1.27770063135643
NaN
NaN
NaN
-0.3005880110277784
NaN
-0.73990378673019
-0.5406887787235864
-0.4562042947807622
-0.3045747087879349
-0.18830522085613954
NaN
-0.04666096131777364
-0.10392735904442646
-0.5792471807042987
-0.4118148666896123
0.37646121063104443
NaN
0.08950357311279464
NaN
NaN
NaN
0.5931661185125556
0.11792926205401877
0.9465641657238302
0.5773611839826671
1.016392374877048
0.8929378052177245
NaN
NaN
0.7092814665985673
1.5487082352376011
NaN
NaN
1.2850701381183591
1.6132088956196755
1.0586190125907362
NaN
